snapshot,backstop
2023-01-01 00:00:00,-0.0
2023-01-01 03:00:00,-0.0
2023-01-01 06:00:00,-0.0
2023-01-01 09:00:00,-0.0
2023-01-01 12:00:00,-0.0
2023-01-01 15:00:00,-0.0
2023-01-01 18:00:00,-0.0
2023-01-01 21:00:00,-0.0
2023-01-02 00:00:00,-0.0
2023-01-02 03:00:00,-0.0
2023-01-02 06:00:00,-0.0
2023-01-02 09:00:00,-0.0
2023-01-02 12:00:00,-0.0
2023-01-02 15:00:00,-0.0
2023-01-02 18:00:00,-0.0
2023-01-02 21:00:00,-0.0
2023-01-03 00:00:00,-0.0
2023-01-03 03:00:00,-0.0
2023-01-03 06:00:00,-0.0
2023-01-03 09:00:00,1215.3460920340353
2023-01-03 12:00:00,-0.0
2023-01-03 15:00:00,4353.70712319507
2023-01-03 18:00:00,3750.521287578833
2023-01-03 21:00:00,2128.7543541748896
2023-01-04 00:00:00,-0.0
2023-01-04 03:00:00,-0.0
2023-01-04 06:00:00,-0.0
2023-01-04 09:00:00,-0.0
2023-01-04 12:00:00,-0.0
2023-01-04 15:00:00,-0.0
2023-01-04 18:00:00,-0.0
2023-01-04 21:00:00,-0.0
2023-01-05 00:00:00,-0.0
2023-01-05 03:00:00,-0.0
2023-01-05 06:00:00,-0.0
2023-01-05 09:00:00,-0.0
2023-01-05 12:00:00,-0.0
2023-01-05 15:00:00,-0.0
2023-01-05 18:00:00,-0.0
2023-01-05 21:00:00,-0.0
2023-01-06 00:00:00,-0.0
2023-01-06 03:00:00,-0.0
2023-01-06 06:00:00,-0.0
2023-01-06 09:00:00,-0.0
2023-01-06 12:00:00,-0.0
2023-01-06 15:00:00,-0.0
2023-01-06 18:00:00,-0.0
2023-01-06 21:00:00,-0.0
2023-01-07 00:00:00,-0.0
2023-01-07 03:00:00,-0.0
2023-01-07 06:00:00,-0.0
2023-01-07 09:00:00,-0.0
2023-01-07 12:00:00,-0.0
2023-01-07 15:00:00,-0.0
2023-01-07 18:00:00,-0.0
2023-01-07 21:00:00,-0.0
2023-01-08 00:00:00,-0.0
2023-01-08 03:00:00,-0.0
2023-01-08 06:00:00,-0.0
2023-01-08 09:00:00,-0.0
2023-01-08 12:00:00,-0.0
2023-01-08 15:00:00,-0.0
2023-01-08 18:00:00,-0.0
2023-01-08 21:00:00,-0.0
2023-01-09 00:00:00,-0.0
2023-01-09 03:00:00,-0.0
2023-01-09 06:00:00,-0.0
2023-01-09 09:00:00,-0.0
2023-01-09 12:00:00,-0.0
2023-01-09 15:00:00,-0.0
2023-01-09 18:00:00,-0.0
2023-01-09 21:00:00,-0.0
2023-01-10 00:00:00,-0.0
2023-01-10 03:00:00,-0.0
2023-01-10 06:00:00,-0.0
2023-01-10 09:00:00,-0.0
2023-01-10 12:00:00,-0.0
2023-01-10 15:00:00,-0.0
2023-01-10 18:00:00,-0.0
2023-01-10 21:00:00,-0.0
2023-01-11 00:00:00,-0.0
2023-01-11 03:00:00,-0.0
2023-01-11 06:00:00,-0.0
2023-01-11 09:00:00,-0.0
2023-01-11 12:00:00,-0.0
2023-01-11 15:00:00,-0.0
2023-01-11 18:00:00,-0.0
2023-01-11 21:00:00,-0.0
2023-01-12 00:00:00,-0.0
2023-01-12 03:00:00,-0.0
2023-01-12 06:00:00,-0.0
2023-01-12 09:00:00,-0.0
2023-01-12 12:00:00,-0.0
2023-01-12 15:00:00,-0.0
2023-01-12 18:00:00,-0.0
2023-01-12 21:00:00,-0.0
2023-01-13 00:00:00,-0.0
2023-01-13 03:00:00,-0.0
2023-01-13 06:00:00,-0.0
2023-01-13 09:00:00,-0.0
2023-01-13 12:00:00,-0.0
2023-01-13 15:00:00,-0.0
2023-01-13 18:00:00,-0.0
2023-01-13 21:00:00,-0.0
2023-01-14 00:00:00,-0.0
2023-01-14 03:00:00,-0.0
2023-01-14 06:00:00,-0.0
2023-01-14 09:00:00,-0.0
2023-01-14 12:00:00,-0.0
2023-01-14 15:00:00,-0.0
2023-01-14 18:00:00,-0.0
2023-01-14 21:00:00,-0.0
2023-01-15 00:00:00,-0.0
2023-01-15 03:00:00,-0.0
2023-01-15 06:00:00,-0.0
2023-01-15 09:00:00,-0.0
2023-01-15 12:00:00,-0.0
2023-01-15 15:00:00,-0.0
2023-01-15 18:00:00,-0.0
2023-01-15 21:00:00,-0.0
2023-01-16 00:00:00,-0.0
2023-01-16 03:00:00,-0.0
2023-01-16 06:00:00,-0.0
2023-01-16 09:00:00,-0.0
2023-01-16 12:00:00,-0.0
2023-01-16 15:00:00,-0.0
2023-01-16 18:00:00,-0.0
2023-01-16 21:00:00,-0.0
2023-01-17 00:00:00,-0.0
2023-01-17 03:00:00,-0.0
2023-01-17 06:00:00,-0.0
2023-01-17 09:00:00,-0.0
2023-01-17 12:00:00,-0.0
2023-01-17 15:00:00,-0.0
2023-01-17 18:00:00,-0.0
2023-01-17 21:00:00,-0.0
2023-01-18 00:00:00,-0.0
2023-01-18 03:00:00,-0.0
2023-01-18 06:00:00,-0.0
2023-01-18 09:00:00,-0.0
2023-01-18 12:00:00,-0.0
2023-01-18 15:00:00,-0.0
2023-01-18 18:00:00,-0.0
2023-01-18 21:00:00,-0.0
2023-01-19 00:00:00,-0.0
2023-01-19 03:00:00,-0.0
2023-01-19 06:00:00,-0.0
2023-01-19 09:00:00,-0.0
2023-01-19 12:00:00,-0.0
2023-01-19 15:00:00,-0.0
2023-01-19 18:00:00,-0.0
2023-01-19 21:00:00,-0.0
2023-01-20 00:00:00,-0.0
2023-01-20 03:00:00,-0.0
2023-01-20 06:00:00,-0.0
2023-01-20 09:00:00,-0.0
2023-01-20 12:00:00,-0.0
2023-01-20 15:00:00,1042.5298379076844
2023-01-20 18:00:00,1499.170082660802
2023-01-20 21:00:00,1710.8535444394342
2023-01-21 00:00:00,1938.3361305556941
2023-01-21 03:00:00,2228.2311436416862
2023-01-21 06:00:00,2742.5648647333237
2023-01-21 09:00:00,1737.1340936837753
2023-01-21 12:00:00,898.990196666979
2023-01-21 15:00:00,1821.7586317664345
2023-01-21 18:00:00,2898.339302381472
2023-01-21 21:00:00,2468.771388207947
2023-01-22 00:00:00,2166.4689385432425
2023-01-22 03:00:00,2365.4942459060594
2023-01-22 06:00:00,2957.911082130687
2023-01-22 09:00:00,2219.601968748413
2023-01-22 12:00:00,14.153109185018593
2023-01-22 15:00:00,2773.982379703914
2023-01-22 18:00:00,4131.293014376751
2023-01-22 21:00:00,3368.6347702765556
2023-01-23 00:00:00,2588.112431614808
2023-01-23 03:00:00,1484.9946965393742
2023-01-23 06:00:00,2947.5900337370726
2023-01-23 09:00:00,973.7365377167139
2023-01-23 12:00:00,-0.0
2023-01-23 15:00:00,-0.0
2023-01-23 18:00:00,-0.0
2023-01-23 21:00:00,-0.0
2023-01-24 00:00:00,-0.0
2023-01-24 03:00:00,-0.0
2023-01-24 06:00:00,-0.0
2023-01-24 09:00:00,-0.0
2023-01-24 12:00:00,-0.0
2023-01-24 15:00:00,-0.0
2023-01-24 18:00:00,-0.0
2023-01-24 21:00:00,-0.0
2023-01-25 00:00:00,-0.0
2023-01-25 03:00:00,-0.0
2023-01-25 06:00:00,-0.0
2023-01-25 09:00:00,-0.0
2023-01-25 12:00:00,-0.0
2023-01-25 15:00:00,-0.0
2023-01-25 18:00:00,-0.0
2023-01-25 21:00:00,-0.0
2023-01-26 00:00:00,-0.0
2023-01-26 03:00:00,-0.0
2023-01-26 06:00:00,-0.0
2023-01-26 09:00:00,-0.0
2023-01-26 12:00:00,-0.0
2023-01-26 15:00:00,-0.0
2023-01-26 18:00:00,-0.0
2023-01-26 21:00:00,-0.0
2023-01-27 00:00:00,-0.0
2023-01-27 03:00:00,-0.0
2023-01-27 06:00:00,1032.4045611167362
2023-01-27 09:00:00,-0.0
2023-01-27 12:00:00,-0.0
2023-01-27 15:00:00,-0.0
2023-01-27 18:00:00,-0.0
2023-01-27 21:00:00,-0.0
2023-01-28 00:00:00,-0.0
2023-01-28 03:00:00,-0.0
2023-01-28 06:00:00,-0.0
2023-01-28 09:00:00,-0.0
2023-01-28 12:00:00,-0.0
2023-01-28 15:00:00,-0.0
2023-01-28 18:00:00,-0.0
2023-01-28 21:00:00,-0.0
2023-01-29 00:00:00,-0.0
2023-01-29 03:00:00,-0.0
2023-01-29 06:00:00,-0.0
2023-01-29 09:00:00,-0.0
2023-01-29 12:00:00,-0.0
2023-01-29 15:00:00,-0.0
2023-01-29 18:00:00,-0.0
2023-01-29 21:00:00,-0.0
2023-01-30 00:00:00,-0.0
2023-01-30 03:00:00,-0.0
2023-01-30 06:00:00,-0.0
2023-01-30 09:00:00,-0.0
2023-01-30 12:00:00,-0.0
2023-01-30 15:00:00,-0.0
2023-01-30 18:00:00,-0.0
2023-01-30 21:00:00,-0.0
2023-01-31 00:00:00,-0.0
2023-01-31 03:00:00,-0.0
2023-01-31 06:00:00,-0.0
2023-01-31 09:00:00,-0.0
2023-01-31 12:00:00,-0.0
2023-01-31 15:00:00,-0.0
2023-01-31 18:00:00,-0.0
2023-01-31 21:00:00,-0.0
2023-02-01 00:00:00,-0.0
2023-02-01 03:00:00,-0.0
2023-02-01 06:00:00,-0.0
2023-02-01 09:00:00,-0.0
2023-02-01 12:00:00,-0.0
2023-02-01 15:00:00,-0.0
2023-02-01 18:00:00,-0.0
2023-02-01 21:00:00,-0.0
2023-02-02 00:00:00,-0.0
2023-02-02 03:00:00,-0.0
2023-02-02 06:00:00,-0.0
2023-02-02 09:00:00,-0.0
2023-02-02 12:00:00,-0.0
2023-02-02 15:00:00,-0.0
2023-02-02 18:00:00,715.6911522914215
2023-02-02 21:00:00,-0.0
2023-02-03 00:00:00,-0.0
2023-02-03 03:00:00,-0.0
2023-02-03 06:00:00,-0.0
2023-02-03 09:00:00,-0.0
2023-02-03 12:00:00,-0.0
2023-02-03 15:00:00,-0.0
2023-02-03 18:00:00,-0.0
2023-02-03 21:00:00,-0.0
2023-02-04 00:00:00,-0.0
2023-02-04 03:00:00,-0.0
2023-02-04 06:00:00,-0.0
2023-02-04 09:00:00,-0.0
2023-02-04 12:00:00,-0.0
2023-02-04 15:00:00,-0.0
2023-02-04 18:00:00,-0.0
2023-02-04 21:00:00,-0.0
2023-02-05 00:00:00,-0.0
2023-02-05 03:00:00,-0.0
2023-02-05 06:00:00,-0.0
2023-02-05 09:00:00,-0.0
2023-02-05 12:00:00,-0.0
2023-02-05 15:00:00,-0.0
2023-02-05 18:00:00,-0.0
2023-02-05 21:00:00,-0.0
2023-02-06 00:00:00,-0.0
2023-02-06 03:00:00,-0.0
2023-02-06 06:00:00,3311.0262105152724
2023-02-06 09:00:00,881.860803952178
2023-02-06 12:00:00,-0.0
2023-02-06 15:00:00,-0.0
2023-02-06 18:00:00,-0.0
2023-02-06 21:00:00,-0.0
2023-02-07 00:00:00,-0.0
2023-02-07 03:00:00,-0.0
2023-02-07 06:00:00,-0.0
2023-02-07 09:00:00,-0.0
2023-02-07 12:00:00,-0.0
2023-02-07 15:00:00,-0.0
2023-02-07 18:00:00,-0.0
2023-02-07 21:00:00,-0.0
2023-02-08 00:00:00,-0.0
2023-02-08 03:00:00,-0.0
2023-02-08 06:00:00,-0.0
2023-02-08 09:00:00,-0.0
2023-02-08 12:00:00,-0.0
2023-02-08 15:00:00,-0.0
2023-02-08 18:00:00,-0.0
2023-02-08 21:00:00,-0.0
2023-02-09 00:00:00,-0.0
2023-02-09 03:00:00,-0.0
2023-02-09 06:00:00,-0.0
2023-02-09 09:00:00,-0.0
2023-02-09 12:00:00,-0.0
2023-02-09 15:00:00,-0.0
2023-02-09 18:00:00,-0.0
2023-02-09 21:00:00,-0.0
2023-02-10 00:00:00,-0.0
2023-02-10 03:00:00,-0.0
2023-02-10 06:00:00,-0.0
2023-02-10 09:00:00,-0.0
2023-02-10 12:00:00,-0.0
2023-02-10 15:00:00,-0.0
2023-02-10 18:00:00,-0.0
2023-02-10 21:00:00,-0.0
2023-02-11 00:00:00,-0.0
2023-02-11 03:00:00,-0.0
2023-02-11 06:00:00,-0.0
2023-02-11 09:00:00,-0.0
2023-02-11 12:00:00,-0.0
2023-02-11 15:00:00,-0.0
2023-02-11 18:00:00,-0.0
2023-02-11 21:00:00,-0.0
2023-02-12 00:00:00,-0.0
2023-02-12 03:00:00,-0.0
2023-02-12 06:00:00,-0.0
2023-02-12 09:00:00,-0.0
2023-02-12 12:00:00,-0.0
2023-02-12 15:00:00,-0.0
2023-02-12 18:00:00,-0.0
2023-02-12 21:00:00,-0.0
2023-02-13 00:00:00,-0.0
2023-02-13 03:00:00,-0.0
2023-02-13 06:00:00,-0.0
2023-02-13 09:00:00,-0.0
2023-02-13 12:00:00,-0.0
2023-02-13 15:00:00,-0.0
2023-02-13 18:00:00,-0.0
2023-02-13 21:00:00,-0.0
2023-02-14 00:00:00,-0.0
2023-02-14 03:00:00,-0.0
2023-02-14 06:00:00,-0.0
2023-02-14 09:00:00,-0.0
2023-02-14 12:00:00,-0.0
2023-02-14 15:00:00,-0.0
2023-02-14 18:00:00,-0.0
2023-02-14 21:00:00,-0.0
2023-02-15 00:00:00,-0.0
2023-02-15 03:00:00,-0.0
2023-02-15 06:00:00,-0.0
2023-02-15 09:00:00,-0.0
2023-02-15 12:00:00,-0.0
2023-02-15 15:00:00,-0.0
2023-02-15 18:00:00,-0.0
2023-02-15 21:00:00,-0.0
2023-02-16 00:00:00,-0.0
2023-02-16 03:00:00,-0.0
2023-02-16 06:00:00,-0.0
2023-02-16 09:00:00,-0.0
2023-02-16 12:00:00,-0.0
2023-02-16 15:00:00,-0.0
2023-02-16 18:00:00,-0.0
2023-02-16 21:00:00,-0.0
2023-02-17 00:00:00,-0.0
2023-02-17 03:00:00,-0.0
2023-02-17 06:00:00,-0.0
2023-02-17 09:00:00,-0.0
2023-02-17 12:00:00,-0.0
2023-02-17 15:00:00,-0.0
2023-02-17 18:00:00,-0.0
2023-02-17 21:00:00,-0.0
2023-02-18 00:00:00,-0.0
2023-02-18 03:00:00,-0.0
2023-02-18 06:00:00,-0.0
2023-02-18 09:00:00,-0.0
2023-02-18 12:00:00,-0.0
2023-02-18 15:00:00,-0.0
2023-02-18 18:00:00,-0.0
2023-02-18 21:00:00,-0.0
2023-02-19 00:00:00,-0.0
2023-02-19 03:00:00,-0.0
2023-02-19 06:00:00,-0.0
2023-02-19 09:00:00,-0.0
2023-02-19 12:00:00,-0.0
2023-02-19 15:00:00,-0.0
2023-02-19 18:00:00,-0.0
2023-02-19 21:00:00,-0.0
2023-02-20 00:00:00,-0.0
2023-02-20 03:00:00,-0.0
2023-02-20 06:00:00,-0.0
2023-02-20 09:00:00,-0.0
2023-02-20 12:00:00,-0.0
2023-02-20 15:00:00,-0.0
2023-02-20 18:00:00,-0.0
2023-02-20 21:00:00,-0.0
2023-02-21 00:00:00,-0.0
2023-02-21 03:00:00,-0.0
2023-02-21 06:00:00,-0.0
2023-02-21 09:00:00,-0.0
2023-02-21 12:00:00,-0.0
2023-02-21 15:00:00,-0.0
2023-02-21 18:00:00,-0.0
2023-02-21 21:00:00,-0.0
2023-02-22 00:00:00,-0.0
2023-02-22 03:00:00,-0.0
2023-02-22 06:00:00,-0.0
2023-02-22 09:00:00,-0.0
2023-02-22 12:00:00,-0.0
2023-02-22 15:00:00,-0.0
2023-02-22 18:00:00,-0.0
2023-02-22 21:00:00,-0.0
2023-02-23 00:00:00,-0.0
2023-02-23 03:00:00,-0.0
2023-02-23 06:00:00,-0.0
2023-02-23 09:00:00,-0.0
2023-02-23 12:00:00,-0.0
2023-02-23 15:00:00,-0.0
2023-02-23 18:00:00,-0.0
2023-02-23 21:00:00,-0.0
2023-02-24 00:00:00,-0.0
2023-02-24 03:00:00,-0.0
2023-02-24 06:00:00,-0.0
2023-02-24 09:00:00,-0.0
2023-02-24 12:00:00,-0.0
2023-02-24 15:00:00,-0.0
2023-02-24 18:00:00,-0.0
2023-02-24 21:00:00,-0.0
2023-02-25 00:00:00,-0.0
2023-02-25 03:00:00,-0.0
2023-02-25 06:00:00,-0.0
2023-02-25 09:00:00,-0.0
2023-02-25 12:00:00,-0.0
2023-02-25 15:00:00,-0.0
2023-02-25 18:00:00,-0.0
2023-02-25 21:00:00,-0.0
2023-02-26 00:00:00,-0.0
2023-02-26 03:00:00,-0.0
2023-02-26 06:00:00,-0.0
2023-02-26 09:00:00,-0.0
2023-02-26 12:00:00,-0.0
2023-02-26 15:00:00,-0.0
2023-02-26 18:00:00,-0.0
2023-02-26 21:00:00,-0.0
2023-02-27 00:00:00,-0.0
2023-02-27 03:00:00,-0.0
2023-02-27 06:00:00,-0.0
2023-02-27 09:00:00,-0.0
2023-02-27 12:00:00,-0.0
2023-02-27 15:00:00,-0.0
2023-02-27 18:00:00,-0.0
2023-02-27 21:00:00,-0.0
2023-02-28 00:00:00,-0.0
2023-02-28 03:00:00,-0.0
2023-02-28 06:00:00,-0.0
2023-02-28 09:00:00,-0.0
2023-02-28 12:00:00,-0.0
2023-02-28 15:00:00,-0.0
2023-02-28 18:00:00,-0.0
2023-02-28 21:00:00,-0.0
2023-03-01 00:00:00,-0.0
2023-03-01 03:00:00,-0.0
2023-03-01 06:00:00,-0.0
2023-03-01 09:00:00,-0.0
2023-03-01 12:00:00,-0.0
2023-03-01 15:00:00,-0.0
2023-03-01 18:00:00,-0.0
2023-03-01 21:00:00,-0.0
2023-03-02 00:00:00,-0.0
2023-03-02 03:00:00,-0.0
2023-03-02 06:00:00,-0.0
2023-03-02 09:00:00,-0.0
2023-03-02 12:00:00,-0.0
2023-03-02 15:00:00,-0.0
2023-03-02 18:00:00,-0.0
2023-03-02 21:00:00,-0.0
2023-03-03 00:00:00,-0.0
2023-03-03 03:00:00,-0.0
2023-03-03 06:00:00,-0.0
2023-03-03 09:00:00,-0.0
2023-03-03 12:00:00,-0.0
2023-03-03 15:00:00,-0.0
2023-03-03 18:00:00,-0.0
2023-03-03 21:00:00,-0.0
2023-03-04 00:00:00,-0.0
2023-03-04 03:00:00,-0.0
2023-03-04 06:00:00,-0.0
2023-03-04 09:00:00,-0.0
2023-03-04 12:00:00,-0.0
2023-03-04 15:00:00,-0.0
2023-03-04 18:00:00,-0.0
2023-03-04 21:00:00,-0.0
2023-03-05 00:00:00,-0.0
2023-03-05 03:00:00,-0.0
2023-03-05 06:00:00,-0.0
2023-03-05 09:00:00,-0.0
2023-03-05 12:00:00,-0.0
2023-03-05 15:00:00,-0.0
2023-03-05 18:00:00,-0.0
2023-03-05 21:00:00,-0.0
2023-03-06 00:00:00,-0.0
2023-03-06 03:00:00,-0.0
2023-03-06 06:00:00,901.6253564469434
2023-03-06 09:00:00,953.3786830703688
2023-03-06 12:00:00,-0.0
2023-03-06 15:00:00,74.1412322625007
2023-03-06 18:00:00,4320.28400380919
2023-03-06 21:00:00,2460.97255257337
2023-03-07 00:00:00,-0.0
2023-03-07 03:00:00,-0.0
2023-03-07 06:00:00,-0.0
2023-03-07 09:00:00,-0.0
2023-03-07 12:00:00,-0.0
2023-03-07 15:00:00,-0.0
2023-03-07 18:00:00,-0.0
2023-03-07 21:00:00,-0.0
2023-03-08 00:00:00,-0.0
2023-03-08 03:00:00,-0.0
2023-03-08 06:00:00,-0.0
2023-03-08 09:00:00,-0.0
2023-03-08 12:00:00,-0.0
2023-03-08 15:00:00,-0.0
2023-03-08 18:00:00,-0.0
2023-03-08 21:00:00,-0.0
2023-03-09 00:00:00,-0.0
2023-03-09 03:00:00,-0.0
2023-03-09 06:00:00,-0.0
2023-03-09 09:00:00,-0.0
2023-03-09 12:00:00,-0.0
2023-03-09 15:00:00,-0.0
2023-03-09 18:00:00,-0.0
2023-03-09 21:00:00,-0.0
2023-03-10 00:00:00,-0.0
2023-03-10 03:00:00,-0.0
2023-03-10 06:00:00,-0.0
2023-03-10 09:00:00,-0.0
2023-03-10 12:00:00,-0.0
2023-03-10 15:00:00,-0.0
2023-03-10 18:00:00,-0.0
2023-03-10 21:00:00,-0.0
2023-03-11 00:00:00,-0.0
2023-03-11 03:00:00,-0.0
2023-03-11 06:00:00,-0.0
2023-03-11 09:00:00,-0.0
2023-03-11 12:00:00,-0.0
2023-03-11 15:00:00,-0.0
2023-03-11 18:00:00,-0.0
2023-03-11 21:00:00,-0.0
2023-03-12 00:00:00,-0.0
2023-03-12 03:00:00,-0.0
2023-03-12 06:00:00,-0.0
2023-03-12 09:00:00,-0.0
2023-03-12 12:00:00,-0.0
2023-03-12 15:00:00,-0.0
2023-03-12 18:00:00,-0.0
2023-03-12 21:00:00,-0.0
2023-03-13 00:00:00,-0.0
2023-03-13 03:00:00,-0.0
2023-03-13 06:00:00,-0.0
2023-03-13 09:00:00,-0.0
2023-03-13 12:00:00,-0.0
2023-03-13 15:00:00,-0.0
2023-03-13 18:00:00,-0.0
2023-03-13 21:00:00,-0.0
2023-03-14 00:00:00,-0.0
2023-03-14 03:00:00,-0.0
2023-03-14 06:00:00,-0.0
2023-03-14 09:00:00,-0.0
2023-03-14 12:00:00,-0.0
2023-03-14 15:00:00,-0.0
2023-03-14 18:00:00,-0.0
2023-03-14 21:00:00,-0.0
2023-03-15 00:00:00,-0.0
2023-03-15 03:00:00,-0.0
2023-03-15 06:00:00,-0.0
2023-03-15 09:00:00,-0.0
2023-03-15 12:00:00,-0.0
2023-03-15 15:00:00,-0.0
2023-03-15 18:00:00,-0.0
2023-03-15 21:00:00,-0.0
2023-03-16 00:00:00,-0.0
2023-03-16 03:00:00,-0.0
2023-03-16 06:00:00,-0.0
2023-03-16 09:00:00,-0.0
2023-03-16 12:00:00,-0.0
2023-03-16 15:00:00,-0.0
2023-03-16 18:00:00,-0.0
2023-03-16 21:00:00,-0.0
2023-03-17 00:00:00,-0.0
2023-03-17 03:00:00,-0.0
2023-03-17 06:00:00,-0.0
2023-03-17 09:00:00,-0.0
2023-03-17 12:00:00,-0.0
2023-03-17 15:00:00,-0.0
2023-03-17 18:00:00,-0.0
2023-03-17 21:00:00,-0.0
2023-03-18 00:00:00,-0.0
2023-03-18 03:00:00,-0.0
2023-03-18 06:00:00,-0.0
2023-03-18 09:00:00,-0.0
2023-03-18 12:00:00,-0.0
2023-03-18 15:00:00,-0.0
2023-03-18 18:00:00,-0.0
2023-03-18 21:00:00,-0.0
2023-03-19 00:00:00,-0.0
2023-03-19 03:00:00,-0.0
2023-03-19 06:00:00,265.5879168872641
2023-03-19 09:00:00,-0.0
2023-03-19 12:00:00,-0.0
2023-03-19 15:00:00,-0.0
2023-03-19 18:00:00,-0.0
2023-03-19 21:00:00,-0.0
2023-03-20 00:00:00,-0.0
2023-03-20 03:00:00,-0.0
2023-03-20 06:00:00,-0.0
2023-03-20 09:00:00,-0.0
2023-03-20 12:00:00,-0.0
2023-03-20 15:00:00,-0.0
2023-03-20 18:00:00,-0.0
2023-03-20 21:00:00,-0.0
2023-03-21 00:00:00,-0.0
2023-03-21 03:00:00,-0.0
2023-03-21 06:00:00,3518.0839410668473
2023-03-21 09:00:00,675.9764734893893
2023-03-21 12:00:00,-0.0
2023-03-21 15:00:00,-0.0
2023-03-21 18:00:00,-0.0
2023-03-21 21:00:00,-0.0
2023-03-22 00:00:00,-0.0
2023-03-22 03:00:00,-0.0
2023-03-22 06:00:00,-0.0
2023-03-22 09:00:00,-0.0
2023-03-22 12:00:00,-0.0
2023-03-22 15:00:00,-0.0
2023-03-22 18:00:00,-0.0
2023-03-22 21:00:00,-0.0
2023-03-23 00:00:00,-0.0
2023-03-23 03:00:00,-0.0
2023-03-23 06:00:00,-0.0
2023-03-23 09:00:00,-0.0
2023-03-23 12:00:00,-0.0
2023-03-23 15:00:00,-0.0
2023-03-23 18:00:00,-0.0
2023-03-23 21:00:00,-0.0
2023-03-24 00:00:00,-0.0
2023-03-24 03:00:00,-0.0
2023-03-24 06:00:00,-0.0
2023-03-24 09:00:00,-0.0
2023-03-24 12:00:00,-0.0
2023-03-24 15:00:00,-0.0
2023-03-24 18:00:00,-0.0
2023-03-24 21:00:00,-0.0
2023-03-25 00:00:00,-0.0
2023-03-25 03:00:00,-0.0
2023-03-25 06:00:00,-0.0
2023-03-25 09:00:00,-0.0
2023-03-25 12:00:00,-0.0
2023-03-25 15:00:00,-0.0
2023-03-25 18:00:00,-0.0
2023-03-25 21:00:00,-0.0
2023-03-26 00:00:00,-0.0
2023-03-26 03:00:00,-0.0
2023-03-26 06:00:00,-0.0
2023-03-26 09:00:00,-0.0
2023-03-26 12:00:00,-0.0
2023-03-26 15:00:00,-0.0
2023-03-26 18:00:00,-0.0
2023-03-26 21:00:00,-0.0
2023-03-27 00:00:00,-0.0
2023-03-27 03:00:00,-0.0
2023-03-27 06:00:00,-0.0
2023-03-27 09:00:00,-0.0
2023-03-27 12:00:00,-0.0
2023-03-27 15:00:00,-0.0
2023-03-27 18:00:00,-0.0
2023-03-27 21:00:00,-0.0
2023-03-28 00:00:00,-0.0
2023-03-28 03:00:00,-0.0
2023-03-28 06:00:00,-0.0
2023-03-28 09:00:00,-0.0
2023-03-28 12:00:00,-0.0
2023-03-28 15:00:00,-0.0
2023-03-28 18:00:00,-0.0
2023-03-28 21:00:00,-0.0
2023-03-29 00:00:00,-0.0
2023-03-29 03:00:00,-0.0
2023-03-29 06:00:00,-0.0
2023-03-29 09:00:00,-0.0
2023-03-29 12:00:00,-0.0
2023-03-29 15:00:00,-0.0
2023-03-29 18:00:00,-0.0
2023-03-29 21:00:00,-0.0
2023-03-30 00:00:00,-0.0
2023-03-30 03:00:00,-0.0
2023-03-30 06:00:00,-0.0
2023-03-30 09:00:00,-0.0
2023-03-30 12:00:00,-0.0
2023-03-30 15:00:00,-0.0
2023-03-30 18:00:00,-0.0
2023-03-30 21:00:00,-0.0
2023-03-31 00:00:00,-0.0
2023-03-31 03:00:00,-0.0
2023-03-31 06:00:00,-0.0
2023-03-31 09:00:00,-0.0
2023-03-31 12:00:00,-0.0
2023-03-31 15:00:00,-0.0
2023-03-31 18:00:00,-0.0
2023-03-31 21:00:00,-0.0
2023-04-01 00:00:00,-0.0
2023-04-01 03:00:00,-0.0
2023-04-01 06:00:00,-0.0
2023-04-01 09:00:00,-0.0
2023-04-01 12:00:00,-0.0
2023-04-01 15:00:00,-0.0
2023-04-01 18:00:00,-0.0
2023-04-01 21:00:00,-0.0
2023-04-02 00:00:00,-0.0
2023-04-02 03:00:00,-0.0
2023-04-02 06:00:00,-0.0
2023-04-02 09:00:00,-0.0
2023-04-02 12:00:00,-0.0
2023-04-02 15:00:00,-0.0
2023-04-02 18:00:00,-0.0
2023-04-02 21:00:00,-0.0
2023-04-03 00:00:00,-0.0
2023-04-03 03:00:00,-0.0
2023-04-03 06:00:00,-0.0
2023-04-03 09:00:00,-0.0
2023-04-03 12:00:00,-0.0
2023-04-03 15:00:00,-0.0
2023-04-03 18:00:00,-0.0
2023-04-03 21:00:00,-0.0
2023-04-04 00:00:00,-0.0
2023-04-04 03:00:00,-0.0
2023-04-04 06:00:00,1580.0233011819937
2023-04-04 09:00:00,-0.0
2023-04-04 12:00:00,-0.0
2023-04-04 15:00:00,-0.0
2023-04-04 18:00:00,-0.0
2023-04-04 21:00:00,-0.0
2023-04-05 00:00:00,-0.0
2023-04-05 03:00:00,-0.0
2023-04-05 06:00:00,-0.0
2023-04-05 09:00:00,-0.0
2023-04-05 12:00:00,-0.0
2023-04-05 15:00:00,-0.0
2023-04-05 18:00:00,-0.0
2023-04-05 21:00:00,-0.0
2023-04-06 00:00:00,-0.0
2023-04-06 03:00:00,-0.0
2023-04-06 06:00:00,-0.0
2023-04-06 09:00:00,-0.0
2023-04-06 12:00:00,-0.0
2023-04-06 15:00:00,-0.0
2023-04-06 18:00:00,-0.0
2023-04-06 21:00:00,-0.0
2023-04-07 00:00:00,-0.0
2023-04-07 03:00:00,-0.0
2023-04-07 06:00:00,-0.0
2023-04-07 09:00:00,-0.0
2023-04-07 12:00:00,-0.0
2023-04-07 15:00:00,-0.0
2023-04-07 18:00:00,-0.0
2023-04-07 21:00:00,-0.0
2023-04-08 00:00:00,-0.0
2023-04-08 03:00:00,-0.0
2023-04-08 06:00:00,-0.0
2023-04-08 09:00:00,-0.0
2023-04-08 12:00:00,-0.0
2023-04-08 15:00:00,-0.0
2023-04-08 18:00:00,-0.0
2023-04-08 21:00:00,-0.0
2023-04-09 00:00:00,-0.0
2023-04-09 03:00:00,-0.0
2023-04-09 06:00:00,-0.0
2023-04-09 09:00:00,-0.0
2023-04-09 12:00:00,-0.0
2023-04-09 15:00:00,-0.0
2023-04-09 18:00:00,-0.0
2023-04-09 21:00:00,-0.0
2023-04-10 00:00:00,-0.0
2023-04-10 03:00:00,-0.0
2023-04-10 06:00:00,-0.0
2023-04-10 09:00:00,-0.0
2023-04-10 12:00:00,-0.0
2023-04-10 15:00:00,-0.0
2023-04-10 18:00:00,-0.0
2023-04-10 21:00:00,-0.0
2023-04-11 00:00:00,-0.0
2023-04-11 03:00:00,-0.0
2023-04-11 06:00:00,-0.0
2023-04-11 09:00:00,-0.0
2023-04-11 12:00:00,-0.0
2023-04-11 15:00:00,-0.0
2023-04-11 18:00:00,-0.0
2023-04-11 21:00:00,-0.0
2023-04-12 00:00:00,-0.0
2023-04-12 03:00:00,-0.0
2023-04-12 06:00:00,-0.0
2023-04-12 09:00:00,-0.0
2023-04-12 12:00:00,-0.0
2023-04-12 15:00:00,-0.0
2023-04-12 18:00:00,-0.0
2023-04-12 21:00:00,-0.0
2023-04-13 00:00:00,-0.0
2023-04-13 03:00:00,-0.0
2023-04-13 06:00:00,-0.0
2023-04-13 09:00:00,-0.0
2023-04-13 12:00:00,-0.0
2023-04-13 15:00:00,-0.0
2023-04-13 18:00:00,-0.0
2023-04-13 21:00:00,-0.0
2023-04-14 00:00:00,-0.0
2023-04-14 03:00:00,-0.0
2023-04-14 06:00:00,-0.0
2023-04-14 09:00:00,-0.0
2023-04-14 12:00:00,-0.0
2023-04-14 15:00:00,-0.0
2023-04-14 18:00:00,-0.0
2023-04-14 21:00:00,-0.0
2023-04-15 00:00:00,-0.0
2023-04-15 03:00:00,-0.0
2023-04-15 06:00:00,-0.0
2023-04-15 09:00:00,-0.0
2023-04-15 12:00:00,-0.0
2023-04-15 15:00:00,-0.0
2023-04-15 18:00:00,-0.0
2023-04-15 21:00:00,-0.0
2023-04-16 00:00:00,-0.0
2023-04-16 03:00:00,-0.0
2023-04-16 06:00:00,-0.0
2023-04-16 09:00:00,-0.0
2023-04-16 12:00:00,-0.0
2023-04-16 15:00:00,-0.0
2023-04-16 18:00:00,-0.0
2023-04-16 21:00:00,-0.0
2023-04-17 00:00:00,-0.0
2023-04-17 03:00:00,-0.0
2023-04-17 06:00:00,-0.0
2023-04-17 09:00:00,-0.0
2023-04-17 12:00:00,-0.0
2023-04-17 15:00:00,-0.0
2023-04-17 18:00:00,-0.0
2023-04-17 21:00:00,-0.0
2023-04-18 00:00:00,-0.0
2023-04-18 03:00:00,-0.0
2023-04-18 06:00:00,-0.0
2023-04-18 09:00:00,-0.0
2023-04-18 12:00:00,-0.0
2023-04-18 15:00:00,-0.0
2023-04-18 18:00:00,-0.0
2023-04-18 21:00:00,-0.0
2023-04-19 00:00:00,-0.0
2023-04-19 03:00:00,-0.0
2023-04-19 06:00:00,-0.0
2023-04-19 09:00:00,-0.0
2023-04-19 12:00:00,-0.0
2023-04-19 15:00:00,-0.0
2023-04-19 18:00:00,-0.0
2023-04-19 21:00:00,-0.0
2023-04-20 00:00:00,-0.0
2023-04-20 03:00:00,-0.0
2023-04-20 06:00:00,-0.0
2023-04-20 09:00:00,-0.0
2023-04-20 12:00:00,-0.0
2023-04-20 15:00:00,-0.0
2023-04-20 18:00:00,-0.0
2023-04-20 21:00:00,-0.0
2023-04-21 00:00:00,-0.0
2023-04-21 03:00:00,-0.0
2023-04-21 06:00:00,-0.0
2023-04-21 09:00:00,-0.0
2023-04-21 12:00:00,-0.0
2023-04-21 15:00:00,-0.0
2023-04-21 18:00:00,-0.0
2023-04-21 21:00:00,-0.0
2023-04-22 00:00:00,-0.0
2023-04-22 03:00:00,-0.0
2023-04-22 06:00:00,-0.0
2023-04-22 09:00:00,-0.0
2023-04-22 12:00:00,-0.0
2023-04-22 15:00:00,-0.0
2023-04-22 18:00:00,-0.0
2023-04-22 21:00:00,-0.0
2023-04-23 00:00:00,-0.0
2023-04-23 03:00:00,-0.0
2023-04-23 06:00:00,-0.0
2023-04-23 09:00:00,-0.0
2023-04-23 12:00:00,-0.0
2023-04-23 15:00:00,-0.0
2023-04-23 18:00:00,-0.0
2023-04-23 21:00:00,-0.0
2023-04-24 00:00:00,-0.0
2023-04-24 03:00:00,-0.0
2023-04-24 06:00:00,-0.0
2023-04-24 09:00:00,-0.0
2023-04-24 12:00:00,-0.0
2023-04-24 15:00:00,-0.0
2023-04-24 18:00:00,-0.0
2023-04-24 21:00:00,-0.0
2023-04-25 00:00:00,-0.0
2023-04-25 03:00:00,-0.0
2023-04-25 06:00:00,-0.0
2023-04-25 09:00:00,-0.0
2023-04-25 12:00:00,-0.0
2023-04-25 15:00:00,-0.0
2023-04-25 18:00:00,-0.0
2023-04-25 21:00:00,-0.0
2023-04-26 00:00:00,-0.0
2023-04-26 03:00:00,-0.0
2023-04-26 06:00:00,-0.0
2023-04-26 09:00:00,-0.0
2023-04-26 12:00:00,-0.0
2023-04-26 15:00:00,-0.0
2023-04-26 18:00:00,-0.0
2023-04-26 21:00:00,-0.0
2023-04-27 00:00:00,-0.0
2023-04-27 03:00:00,-0.0
2023-04-27 06:00:00,-0.0
2023-04-27 09:00:00,-0.0
2023-04-27 12:00:00,-0.0
2023-04-27 15:00:00,-0.0
2023-04-27 18:00:00,-0.0
2023-04-27 21:00:00,-0.0
2023-04-28 00:00:00,-0.0
2023-04-28 03:00:00,-0.0
2023-04-28 06:00:00,-0.0
2023-04-28 09:00:00,-0.0
2023-04-28 12:00:00,-0.0
2023-04-28 15:00:00,-0.0
2023-04-28 18:00:00,-0.0
2023-04-28 21:00:00,-0.0
2023-04-29 00:00:00,-0.0
2023-04-29 03:00:00,-0.0
2023-04-29 06:00:00,-0.0
2023-04-29 09:00:00,-0.0
2023-04-29 12:00:00,-0.0
2023-04-29 15:00:00,-0.0
2023-04-29 18:00:00,-0.0
2023-04-29 21:00:00,-0.0
2023-04-30 00:00:00,-0.0
2023-04-30 03:00:00,-0.0
2023-04-30 06:00:00,-0.0
2023-04-30 09:00:00,-0.0
2023-04-30 12:00:00,-0.0
2023-04-30 15:00:00,-0.0
2023-04-30 18:00:00,-0.0
2023-04-30 21:00:00,-0.0
2023-05-01 00:00:00,-0.0
2023-05-01 03:00:00,-0.0
2023-05-01 06:00:00,-0.0
2023-05-01 09:00:00,-0.0
2023-05-01 12:00:00,-0.0
2023-05-01 15:00:00,-0.0
2023-05-01 18:00:00,-0.0
2023-05-01 21:00:00,-0.0
2023-05-02 00:00:00,-0.0
2023-05-02 03:00:00,-0.0
2023-05-02 06:00:00,-0.0
2023-05-02 09:00:00,-0.0
2023-05-02 12:00:00,-0.0
2023-05-02 15:00:00,-0.0
2023-05-02 18:00:00,-0.0
2023-05-02 21:00:00,-0.0
2023-05-03 00:00:00,-0.0
2023-05-03 03:00:00,-0.0
2023-05-03 06:00:00,-0.0
2023-05-03 09:00:00,-0.0
2023-05-03 12:00:00,-0.0
2023-05-03 15:00:00,-0.0
2023-05-03 18:00:00,-0.0
2023-05-03 21:00:00,-0.0
2023-05-04 00:00:00,-0.0
2023-05-04 03:00:00,-0.0
2023-05-04 06:00:00,-0.0
2023-05-04 09:00:00,-0.0
2023-05-04 12:00:00,-0.0
2023-05-04 15:00:00,-0.0
2023-05-04 18:00:00,-0.0
2023-05-04 21:00:00,-0.0
2023-05-05 00:00:00,-0.0
2023-05-05 03:00:00,-0.0
2023-05-05 06:00:00,-0.0
2023-05-05 09:00:00,-0.0
2023-05-05 12:00:00,-0.0
2023-05-05 15:00:00,-0.0
2023-05-05 18:00:00,-0.0
2023-05-05 21:00:00,-0.0
2023-05-06 00:00:00,-0.0
2023-05-06 03:00:00,-0.0
2023-05-06 06:00:00,-0.0
2023-05-06 09:00:00,-0.0
2023-05-06 12:00:00,-0.0
2023-05-06 15:00:00,-0.0
2023-05-06 18:00:00,-0.0
2023-05-06 21:00:00,-0.0
2023-05-07 00:00:00,-0.0
2023-05-07 03:00:00,-0.0
2023-05-07 06:00:00,-0.0
2023-05-07 09:00:00,-0.0
2023-05-07 12:00:00,-0.0
2023-05-07 15:00:00,-0.0
2023-05-07 18:00:00,-0.0
2023-05-07 21:00:00,-0.0
2023-05-08 00:00:00,-0.0
2023-05-08 03:00:00,-0.0
2023-05-08 06:00:00,-0.0
2023-05-08 09:00:00,-0.0
2023-05-08 12:00:00,-0.0
2023-05-08 15:00:00,-0.0
2023-05-08 18:00:00,-0.0
2023-05-08 21:00:00,-0.0
2023-05-09 00:00:00,-0.0
2023-05-09 03:00:00,-0.0
2023-05-09 06:00:00,-0.0
2023-05-09 09:00:00,-0.0
2023-05-09 12:00:00,-0.0
2023-05-09 15:00:00,-0.0
2023-05-09 18:00:00,-0.0
2023-05-09 21:00:00,-0.0
2023-05-10 00:00:00,-0.0
2023-05-10 03:00:00,-0.0
2023-05-10 06:00:00,-0.0
2023-05-10 09:00:00,-0.0
2023-05-10 12:00:00,-0.0
2023-05-10 15:00:00,-0.0
2023-05-10 18:00:00,-0.0
2023-05-10 21:00:00,-0.0
2023-05-11 00:00:00,-0.0
2023-05-11 03:00:00,-0.0
2023-05-11 06:00:00,-0.0
2023-05-11 09:00:00,-0.0
2023-05-11 12:00:00,-0.0
2023-05-11 15:00:00,-0.0
2023-05-11 18:00:00,-0.0
2023-05-11 21:00:00,-0.0
2023-05-12 00:00:00,-0.0
2023-05-12 03:00:00,-0.0
2023-05-12 06:00:00,-0.0
2023-05-12 09:00:00,-0.0
2023-05-12 12:00:00,-0.0
2023-05-12 15:00:00,-0.0
2023-05-12 18:00:00,-0.0
2023-05-12 21:00:00,-0.0
2023-05-13 00:00:00,-0.0
2023-05-13 03:00:00,-0.0
2023-05-13 06:00:00,-0.0
2023-05-13 09:00:00,-0.0
2023-05-13 12:00:00,-0.0
2023-05-13 15:00:00,-0.0
2023-05-13 18:00:00,-0.0
2023-05-13 21:00:00,-0.0
2023-05-14 00:00:00,-0.0
2023-05-14 03:00:00,-0.0
2023-05-14 06:00:00,-0.0
2023-05-14 09:00:00,-0.0
2023-05-14 12:00:00,-0.0
2023-05-14 15:00:00,-0.0
2023-05-14 18:00:00,-0.0
2023-05-14 21:00:00,-0.0
2023-05-15 00:00:00,-0.0
2023-05-15 03:00:00,-0.0
2023-05-15 06:00:00,-0.0
2023-05-15 09:00:00,-0.0
2023-05-15 12:00:00,-0.0
2023-05-15 15:00:00,-0.0
2023-05-15 18:00:00,-0.0
2023-05-15 21:00:00,-0.0
2023-05-16 00:00:00,-0.0
2023-05-16 03:00:00,-0.0
2023-05-16 06:00:00,-0.0
2023-05-16 09:00:00,-0.0
2023-05-16 12:00:00,-0.0
2023-05-16 15:00:00,-0.0
2023-05-16 18:00:00,-0.0
2023-05-16 21:00:00,-0.0
2023-05-17 00:00:00,-0.0
2023-05-17 03:00:00,-0.0
2023-05-17 06:00:00,-0.0
2023-05-17 09:00:00,-0.0
2023-05-17 12:00:00,-0.0
2023-05-17 15:00:00,-0.0
2023-05-17 18:00:00,-0.0
2023-05-17 21:00:00,-0.0
2023-05-18 00:00:00,-0.0
2023-05-18 03:00:00,-0.0
2023-05-18 06:00:00,-0.0
2023-05-18 09:00:00,-0.0
2023-05-18 12:00:00,-0.0
2023-05-18 15:00:00,-0.0
2023-05-18 18:00:00,-0.0
2023-05-18 21:00:00,-0.0
2023-05-19 00:00:00,-0.0
2023-05-19 03:00:00,-0.0
2023-05-19 06:00:00,-0.0
2023-05-19 09:00:00,-0.0
2023-05-19 12:00:00,-0.0
2023-05-19 15:00:00,-0.0
2023-05-19 18:00:00,-0.0
2023-05-19 21:00:00,-0.0
2023-05-20 00:00:00,-0.0
2023-05-20 03:00:00,-0.0
2023-05-20 06:00:00,-0.0
2023-05-20 09:00:00,-0.0
2023-05-20 12:00:00,-0.0
2023-05-20 15:00:00,-0.0
2023-05-20 18:00:00,-0.0
2023-05-20 21:00:00,-0.0
2023-05-21 00:00:00,-0.0
2023-05-21 03:00:00,-0.0
2023-05-21 06:00:00,-0.0
2023-05-21 09:00:00,-0.0
2023-05-21 12:00:00,-0.0
2023-05-21 15:00:00,-0.0
2023-05-21 18:00:00,-0.0
2023-05-21 21:00:00,-0.0
2023-05-22 00:00:00,-0.0
2023-05-22 03:00:00,-0.0
2023-05-22 06:00:00,-0.0
2023-05-22 09:00:00,-0.0
2023-05-22 12:00:00,-0.0
2023-05-22 15:00:00,-0.0
2023-05-22 18:00:00,-0.0
2023-05-22 21:00:00,-0.0
2023-05-23 00:00:00,-0.0
2023-05-23 03:00:00,-0.0
2023-05-23 06:00:00,-0.0
2023-05-23 09:00:00,-0.0
2023-05-23 12:00:00,-0.0
2023-05-23 15:00:00,-0.0
2023-05-23 18:00:00,-0.0
2023-05-23 21:00:00,-0.0
2023-05-24 00:00:00,-0.0
2023-05-24 03:00:00,-0.0
2023-05-24 06:00:00,-0.0
2023-05-24 09:00:00,-0.0
2023-05-24 12:00:00,-0.0
2023-05-24 15:00:00,-0.0
2023-05-24 18:00:00,-0.0
2023-05-24 21:00:00,-0.0
2023-05-25 00:00:00,-0.0
2023-05-25 03:00:00,-0.0
2023-05-25 06:00:00,-0.0
2023-05-25 09:00:00,-0.0
2023-05-25 12:00:00,-0.0
2023-05-25 15:00:00,-0.0
2023-05-25 18:00:00,-0.0
2023-05-25 21:00:00,-0.0
2023-05-26 00:00:00,-0.0
2023-05-26 03:00:00,-0.0
2023-05-26 06:00:00,-0.0
2023-05-26 09:00:00,-0.0
2023-05-26 12:00:00,-0.0
2023-05-26 15:00:00,-0.0
2023-05-26 18:00:00,-0.0
2023-05-26 21:00:00,-0.0
2023-05-27 00:00:00,-0.0
2023-05-27 03:00:00,-0.0
2023-05-27 06:00:00,-0.0
2023-05-27 09:00:00,-0.0
2023-05-27 12:00:00,-0.0
2023-05-27 15:00:00,-0.0
2023-05-27 18:00:00,-0.0
2023-05-27 21:00:00,-0.0
2023-05-28 00:00:00,-0.0
2023-05-28 03:00:00,-0.0
2023-05-28 06:00:00,-0.0
2023-05-28 09:00:00,-0.0
2023-05-28 12:00:00,-0.0
2023-05-28 15:00:00,-0.0
2023-05-28 18:00:00,-0.0
2023-05-28 21:00:00,-0.0
2023-05-29 00:00:00,-0.0
2023-05-29 03:00:00,-0.0
2023-05-29 06:00:00,-0.0
2023-05-29 09:00:00,-0.0
2023-05-29 12:00:00,-0.0
2023-05-29 15:00:00,-0.0
2023-05-29 18:00:00,-0.0
2023-05-29 21:00:00,-0.0
2023-05-30 00:00:00,-0.0
2023-05-30 03:00:00,-0.0
2023-05-30 06:00:00,-0.0
2023-05-30 09:00:00,-0.0
2023-05-30 12:00:00,-0.0
2023-05-30 15:00:00,-0.0
2023-05-30 18:00:00,-0.0
2023-05-30 21:00:00,-0.0
2023-05-31 00:00:00,-0.0
2023-05-31 03:00:00,-0.0
2023-05-31 06:00:00,-0.0
2023-05-31 09:00:00,-0.0
2023-05-31 12:00:00,-0.0
2023-05-31 15:00:00,-0.0
2023-05-31 18:00:00,-0.0
2023-05-31 21:00:00,-0.0
2023-06-01 00:00:00,-0.0
2023-06-01 03:00:00,-0.0
2023-06-01 06:00:00,-0.0
2023-06-01 09:00:00,-0.0
2023-06-01 12:00:00,-0.0
2023-06-01 15:00:00,-0.0
2023-06-01 18:00:00,-0.0
2023-06-01 21:00:00,-0.0
2023-06-02 00:00:00,-0.0
2023-06-02 03:00:00,-0.0
2023-06-02 06:00:00,-0.0
2023-06-02 09:00:00,-0.0
2023-06-02 12:00:00,-0.0
2023-06-02 15:00:00,-0.0
2023-06-02 18:00:00,-0.0
2023-06-02 21:00:00,-0.0
2023-06-03 00:00:00,-0.0
2023-06-03 03:00:00,-0.0
2023-06-03 06:00:00,-0.0
2023-06-03 09:00:00,-0.0
2023-06-03 12:00:00,-0.0
2023-06-03 15:00:00,-0.0
2023-06-03 18:00:00,-0.0
2023-06-03 21:00:00,-0.0
2023-06-04 00:00:00,-0.0
2023-06-04 03:00:00,-0.0
2023-06-04 06:00:00,-0.0
2023-06-04 09:00:00,-0.0
2023-06-04 12:00:00,-0.0
2023-06-04 15:00:00,-0.0
2023-06-04 18:00:00,-0.0
2023-06-04 21:00:00,-0.0
2023-06-05 00:00:00,-0.0
2023-06-05 03:00:00,-0.0
2023-06-05 06:00:00,-0.0
2023-06-05 09:00:00,-0.0
2023-06-05 12:00:00,-0.0
2023-06-05 15:00:00,-0.0
2023-06-05 18:00:00,-0.0
2023-06-05 21:00:00,-0.0
2023-06-06 00:00:00,-0.0
2023-06-06 03:00:00,-0.0
2023-06-06 06:00:00,-0.0
2023-06-06 09:00:00,-0.0
2023-06-06 12:00:00,-0.0
2023-06-06 15:00:00,-0.0
2023-06-06 18:00:00,-0.0
2023-06-06 21:00:00,-0.0
2023-06-07 00:00:00,-0.0
2023-06-07 03:00:00,-0.0
2023-06-07 06:00:00,-0.0
2023-06-07 09:00:00,-0.0
2023-06-07 12:00:00,-0.0
2023-06-07 15:00:00,-0.0
2023-06-07 18:00:00,-0.0
2023-06-07 21:00:00,-0.0
2023-06-08 00:00:00,-0.0
2023-06-08 03:00:00,-0.0
2023-06-08 06:00:00,-0.0
2023-06-08 09:00:00,-0.0
2023-06-08 12:00:00,-0.0
2023-06-08 15:00:00,-0.0
2023-06-08 18:00:00,-0.0
2023-06-08 21:00:00,-0.0
2023-06-09 00:00:00,-0.0
2023-06-09 03:00:00,-0.0
2023-06-09 06:00:00,-0.0
2023-06-09 09:00:00,-0.0
2023-06-09 12:00:00,-0.0
2023-06-09 15:00:00,-0.0
2023-06-09 18:00:00,-0.0
2023-06-09 21:00:00,-0.0
2023-06-10 00:00:00,-0.0
2023-06-10 03:00:00,-0.0
2023-06-10 06:00:00,-0.0
2023-06-10 09:00:00,-0.0
2023-06-10 12:00:00,-0.0
2023-06-10 15:00:00,-0.0
2023-06-10 18:00:00,-0.0
2023-06-10 21:00:00,-0.0
2023-06-11 00:00:00,-0.0
2023-06-11 03:00:00,-0.0
2023-06-11 06:00:00,-0.0
2023-06-11 09:00:00,-0.0
2023-06-11 12:00:00,-0.0
2023-06-11 15:00:00,-0.0
2023-06-11 18:00:00,-0.0
2023-06-11 21:00:00,-0.0
2023-06-12 00:00:00,-0.0
2023-06-12 03:00:00,-0.0
2023-06-12 06:00:00,-0.0
2023-06-12 09:00:00,-0.0
2023-06-12 12:00:00,-0.0
2023-06-12 15:00:00,-0.0
2023-06-12 18:00:00,-0.0
2023-06-12 21:00:00,-0.0
2023-06-13 00:00:00,-0.0
2023-06-13 03:00:00,-0.0
2023-06-13 06:00:00,-0.0
2023-06-13 09:00:00,-0.0
2023-06-13 12:00:00,-0.0
2023-06-13 15:00:00,-0.0
2023-06-13 18:00:00,-0.0
2023-06-13 21:00:00,-0.0
2023-06-14 00:00:00,-0.0
2023-06-14 03:00:00,-0.0
2023-06-14 06:00:00,-0.0
2023-06-14 09:00:00,-0.0
2023-06-14 12:00:00,-0.0
2023-06-14 15:00:00,-0.0
2023-06-14 18:00:00,-0.0
2023-06-14 21:00:00,-0.0
2023-06-15 00:00:00,-0.0
2023-06-15 03:00:00,-0.0
2023-06-15 06:00:00,-0.0
2023-06-15 09:00:00,-0.0
2023-06-15 12:00:00,-0.0
2023-06-15 15:00:00,-0.0
2023-06-15 18:00:00,-0.0
2023-06-15 21:00:00,-0.0
2023-06-16 00:00:00,-0.0
2023-06-16 03:00:00,-0.0
2023-06-16 06:00:00,-0.0
2023-06-16 09:00:00,-0.0
2023-06-16 12:00:00,-0.0
2023-06-16 15:00:00,-0.0
2023-06-16 18:00:00,-0.0
2023-06-16 21:00:00,-0.0
2023-06-17 00:00:00,-0.0
2023-06-17 03:00:00,-0.0
2023-06-17 06:00:00,-0.0
2023-06-17 09:00:00,-0.0
2023-06-17 12:00:00,-0.0
2023-06-17 15:00:00,-0.0
2023-06-17 18:00:00,-0.0
2023-06-17 21:00:00,-0.0
2023-06-18 00:00:00,-0.0
2023-06-18 03:00:00,-0.0
2023-06-18 06:00:00,-0.0
2023-06-18 09:00:00,-0.0
2023-06-18 12:00:00,-0.0
2023-06-18 15:00:00,-0.0
2023-06-18 18:00:00,-0.0
2023-06-18 21:00:00,-0.0
2023-06-19 00:00:00,-0.0
2023-06-19 03:00:00,-0.0
2023-06-19 06:00:00,-0.0
2023-06-19 09:00:00,-0.0
2023-06-19 12:00:00,-0.0
2023-06-19 15:00:00,-0.0
2023-06-19 18:00:00,-0.0
2023-06-19 21:00:00,-0.0
2023-06-20 00:00:00,-0.0
2023-06-20 03:00:00,-0.0
2023-06-20 06:00:00,-0.0
2023-06-20 09:00:00,-0.0
2023-06-20 12:00:00,-0.0
2023-06-20 15:00:00,-0.0
2023-06-20 18:00:00,-0.0
2023-06-20 21:00:00,-0.0
2023-06-21 00:00:00,-0.0
2023-06-21 03:00:00,-0.0
2023-06-21 06:00:00,-0.0
2023-06-21 09:00:00,-0.0
2023-06-21 12:00:00,-0.0
2023-06-21 15:00:00,-0.0
2023-06-21 18:00:00,-0.0
2023-06-21 21:00:00,-0.0
2023-06-22 00:00:00,-0.0
2023-06-22 03:00:00,-0.0
2023-06-22 06:00:00,-0.0
2023-06-22 09:00:00,-0.0
2023-06-22 12:00:00,-0.0
2023-06-22 15:00:00,-0.0
2023-06-22 18:00:00,-0.0
2023-06-22 21:00:00,-0.0
2023-06-23 00:00:00,-0.0
2023-06-23 03:00:00,-0.0
2023-06-23 06:00:00,-0.0
2023-06-23 09:00:00,-0.0
2023-06-23 12:00:00,-0.0
2023-06-23 15:00:00,-0.0
2023-06-23 18:00:00,-0.0
2023-06-23 21:00:00,-0.0
2023-06-24 00:00:00,-0.0
2023-06-24 03:00:00,-0.0
2023-06-24 06:00:00,-0.0
2023-06-24 09:00:00,-0.0
2023-06-24 12:00:00,-0.0
2023-06-24 15:00:00,-0.0
2023-06-24 18:00:00,-0.0
2023-06-24 21:00:00,-0.0
2023-06-25 00:00:00,-0.0
2023-06-25 03:00:00,-0.0
2023-06-25 06:00:00,-0.0
2023-06-25 09:00:00,-0.0
2023-06-25 12:00:00,-0.0
2023-06-25 15:00:00,-0.0
2023-06-25 18:00:00,-0.0
2023-06-25 21:00:00,-0.0
2023-06-26 00:00:00,-0.0
2023-06-26 03:00:00,-0.0
2023-06-26 06:00:00,-0.0
2023-06-26 09:00:00,-0.0
2023-06-26 12:00:00,-0.0
2023-06-26 15:00:00,-0.0
2023-06-26 18:00:00,-0.0
2023-06-26 21:00:00,-0.0
2023-06-27 00:00:00,-0.0
2023-06-27 03:00:00,-0.0
2023-06-27 06:00:00,-0.0
2023-06-27 09:00:00,-0.0
2023-06-27 12:00:00,-0.0
2023-06-27 15:00:00,-0.0
2023-06-27 18:00:00,-0.0
2023-06-27 21:00:00,-0.0
2023-06-28 00:00:00,-0.0
2023-06-28 03:00:00,-0.0
2023-06-28 06:00:00,-0.0
2023-06-28 09:00:00,-0.0
2023-06-28 12:00:00,-0.0
2023-06-28 15:00:00,-0.0
2023-06-28 18:00:00,-0.0
2023-06-28 21:00:00,-0.0
2023-06-29 00:00:00,-0.0
2023-06-29 03:00:00,-0.0
2023-06-29 06:00:00,-0.0
2023-06-29 09:00:00,-0.0
2023-06-29 12:00:00,-0.0
2023-06-29 15:00:00,-0.0
2023-06-29 18:00:00,-0.0
2023-06-29 21:00:00,-0.0
2023-06-30 00:00:00,-0.0
2023-06-30 03:00:00,-0.0
2023-06-30 06:00:00,-0.0
2023-06-30 09:00:00,-0.0
2023-06-30 12:00:00,-0.0
2023-06-30 15:00:00,-0.0
2023-06-30 18:00:00,-0.0
2023-06-30 21:00:00,-0.0
2023-07-01 00:00:00,-0.0
2023-07-01 03:00:00,-0.0
2023-07-01 06:00:00,-0.0
2023-07-01 09:00:00,-0.0
2023-07-01 12:00:00,-0.0
2023-07-01 15:00:00,-0.0
2023-07-01 18:00:00,-0.0
2023-07-01 21:00:00,-0.0
2023-07-02 00:00:00,-0.0
2023-07-02 03:00:00,-0.0
2023-07-02 06:00:00,-0.0
2023-07-02 09:00:00,-0.0
2023-07-02 12:00:00,-0.0
2023-07-02 15:00:00,-0.0
2023-07-02 18:00:00,-0.0
2023-07-02 21:00:00,-0.0
2023-07-03 00:00:00,-0.0
2023-07-03 03:00:00,-0.0
2023-07-03 06:00:00,-0.0
2023-07-03 09:00:00,-0.0
2023-07-03 12:00:00,-0.0
2023-07-03 15:00:00,-0.0
2023-07-03 18:00:00,-0.0
2023-07-03 21:00:00,-0.0
2023-07-04 00:00:00,-0.0
2023-07-04 03:00:00,-0.0
2023-07-04 06:00:00,-0.0
2023-07-04 09:00:00,-0.0
2023-07-04 12:00:00,-0.0
2023-07-04 15:00:00,-0.0
2023-07-04 18:00:00,-0.0
2023-07-04 21:00:00,-0.0
2023-07-05 00:00:00,-0.0
2023-07-05 03:00:00,-0.0
2023-07-05 06:00:00,-0.0
2023-07-05 09:00:00,-0.0
2023-07-05 12:00:00,-0.0
2023-07-05 15:00:00,-0.0
2023-07-05 18:00:00,-0.0
2023-07-05 21:00:00,-0.0
2023-07-06 00:00:00,-0.0
2023-07-06 03:00:00,-0.0
2023-07-06 06:00:00,-0.0
2023-07-06 09:00:00,-0.0
2023-07-06 12:00:00,-0.0
2023-07-06 15:00:00,-0.0
2023-07-06 18:00:00,-0.0
2023-07-06 21:00:00,-0.0
2023-07-07 00:00:00,-0.0
2023-07-07 03:00:00,-0.0
2023-07-07 06:00:00,-0.0
2023-07-07 09:00:00,-0.0
2023-07-07 12:00:00,-0.0
2023-07-07 15:00:00,-0.0
2023-07-07 18:00:00,-0.0
2023-07-07 21:00:00,-0.0
2023-07-08 00:00:00,-0.0
2023-07-08 03:00:00,-0.0
2023-07-08 06:00:00,-0.0
2023-07-08 09:00:00,-0.0
2023-07-08 12:00:00,-0.0
2023-07-08 15:00:00,-0.0
2023-07-08 18:00:00,-0.0
2023-07-08 21:00:00,-0.0
2023-07-09 00:00:00,-0.0
2023-07-09 03:00:00,-0.0
2023-07-09 06:00:00,-0.0
2023-07-09 09:00:00,-0.0
2023-07-09 12:00:00,-0.0
2023-07-09 15:00:00,-0.0
2023-07-09 18:00:00,-0.0
2023-07-09 21:00:00,-0.0
2023-07-10 00:00:00,-0.0
2023-07-10 03:00:00,-0.0
2023-07-10 06:00:00,-0.0
2023-07-10 09:00:00,-0.0
2023-07-10 12:00:00,-0.0
2023-07-10 15:00:00,-0.0
2023-07-10 18:00:00,-0.0
2023-07-10 21:00:00,-0.0
2023-07-11 00:00:00,-0.0
2023-07-11 03:00:00,-0.0
2023-07-11 06:00:00,-0.0
2023-07-11 09:00:00,-0.0
2023-07-11 12:00:00,-0.0
2023-07-11 15:00:00,-0.0
2023-07-11 18:00:00,-0.0
2023-07-11 21:00:00,-0.0
2023-07-12 00:00:00,-0.0
2023-07-12 03:00:00,-0.0
2023-07-12 06:00:00,-0.0
2023-07-12 09:00:00,-0.0
2023-07-12 12:00:00,-0.0
2023-07-12 15:00:00,-0.0
2023-07-12 18:00:00,-0.0
2023-07-12 21:00:00,-0.0
2023-07-13 00:00:00,-0.0
2023-07-13 03:00:00,-0.0
2023-07-13 06:00:00,-0.0
2023-07-13 09:00:00,-0.0
2023-07-13 12:00:00,-0.0
2023-07-13 15:00:00,-0.0
2023-07-13 18:00:00,-0.0
2023-07-13 21:00:00,-0.0
2023-07-14 00:00:00,-0.0
2023-07-14 03:00:00,-0.0
2023-07-14 06:00:00,-0.0
2023-07-14 09:00:00,-0.0
2023-07-14 12:00:00,-0.0
2023-07-14 15:00:00,-0.0
2023-07-14 18:00:00,-0.0
2023-07-14 21:00:00,-0.0
2023-07-15 00:00:00,-0.0
2023-07-15 03:00:00,-0.0
2023-07-15 06:00:00,-0.0
2023-07-15 09:00:00,-0.0
2023-07-15 12:00:00,-0.0
2023-07-15 15:00:00,-0.0
2023-07-15 18:00:00,-0.0
2023-07-15 21:00:00,-0.0
2023-07-16 00:00:00,-0.0
2023-07-16 03:00:00,-0.0
2023-07-16 06:00:00,-0.0
2023-07-16 09:00:00,-0.0
2023-07-16 12:00:00,-0.0
2023-07-16 15:00:00,-0.0
2023-07-16 18:00:00,-0.0
2023-07-16 21:00:00,-0.0
2023-07-17 00:00:00,-0.0
2023-07-17 03:00:00,-0.0
2023-07-17 06:00:00,-0.0
2023-07-17 09:00:00,-0.0
2023-07-17 12:00:00,-0.0
2023-07-17 15:00:00,-0.0
2023-07-17 18:00:00,-0.0
2023-07-17 21:00:00,-0.0
2023-07-18 00:00:00,-0.0
2023-07-18 03:00:00,-0.0
2023-07-18 06:00:00,-0.0
2023-07-18 09:00:00,-0.0
2023-07-18 12:00:00,-0.0
2023-07-18 15:00:00,-0.0
2023-07-18 18:00:00,-0.0
2023-07-18 21:00:00,-0.0
2023-07-19 00:00:00,-0.0
2023-07-19 03:00:00,-0.0
2023-07-19 06:00:00,-0.0
2023-07-19 09:00:00,-0.0
2023-07-19 12:00:00,-0.0
2023-07-19 15:00:00,-0.0
2023-07-19 18:00:00,-0.0
2023-07-19 21:00:00,-0.0
2023-07-20 00:00:00,-0.0
2023-07-20 03:00:00,-0.0
2023-07-20 06:00:00,-0.0
2023-07-20 09:00:00,-0.0
2023-07-20 12:00:00,-0.0
2023-07-20 15:00:00,-0.0
2023-07-20 18:00:00,-0.0
2023-07-20 21:00:00,-0.0
2023-07-21 00:00:00,-0.0
2023-07-21 03:00:00,-0.0
2023-07-21 06:00:00,-0.0
2023-07-21 09:00:00,-0.0
2023-07-21 12:00:00,-0.0
2023-07-21 15:00:00,-0.0
2023-07-21 18:00:00,-0.0
2023-07-21 21:00:00,-0.0
2023-07-22 00:00:00,-0.0
2023-07-22 03:00:00,-0.0
2023-07-22 06:00:00,-0.0
2023-07-22 09:00:00,-0.0
2023-07-22 12:00:00,-0.0
2023-07-22 15:00:00,-0.0
2023-07-22 18:00:00,-0.0
2023-07-22 21:00:00,-0.0
2023-07-23 00:00:00,-0.0
2023-07-23 03:00:00,-0.0
2023-07-23 06:00:00,-0.0
2023-07-23 09:00:00,-0.0
2023-07-23 12:00:00,-0.0
2023-07-23 15:00:00,-0.0
2023-07-23 18:00:00,-0.0
2023-07-23 21:00:00,-0.0
2023-07-24 00:00:00,-0.0
2023-07-24 03:00:00,-0.0
2023-07-24 06:00:00,-0.0
2023-07-24 09:00:00,-0.0
2023-07-24 12:00:00,-0.0
2023-07-24 15:00:00,-0.0
2023-07-24 18:00:00,-0.0
2023-07-24 21:00:00,-0.0
2023-07-25 00:00:00,-0.0
2023-07-25 03:00:00,-0.0
2023-07-25 06:00:00,-0.0
2023-07-25 09:00:00,-0.0
2023-07-25 12:00:00,-0.0
2023-07-25 15:00:00,-0.0
2023-07-25 18:00:00,-0.0
2023-07-25 21:00:00,-0.0
2023-07-26 00:00:00,-0.0
2023-07-26 03:00:00,-0.0
2023-07-26 06:00:00,-0.0
2023-07-26 09:00:00,-0.0
2023-07-26 12:00:00,-0.0
2023-07-26 15:00:00,-0.0
2023-07-26 18:00:00,-0.0
2023-07-26 21:00:00,-0.0
2023-07-27 00:00:00,-0.0
2023-07-27 03:00:00,-0.0
2023-07-27 06:00:00,-0.0
2023-07-27 09:00:00,-0.0
2023-07-27 12:00:00,-0.0
2023-07-27 15:00:00,-0.0
2023-07-27 18:00:00,-0.0
2023-07-27 21:00:00,-0.0
2023-07-28 00:00:00,-0.0
2023-07-28 03:00:00,-0.0
2023-07-28 06:00:00,-0.0
2023-07-28 09:00:00,-0.0
2023-07-28 12:00:00,-0.0
2023-07-28 15:00:00,-0.0
2023-07-28 18:00:00,-0.0
2023-07-28 21:00:00,-0.0
2023-07-29 00:00:00,-0.0
2023-07-29 03:00:00,-0.0
2023-07-29 06:00:00,-0.0
2023-07-29 09:00:00,-0.0
2023-07-29 12:00:00,-0.0
2023-07-29 15:00:00,-0.0
2023-07-29 18:00:00,-0.0
2023-07-29 21:00:00,-0.0
2023-07-30 00:00:00,-0.0
2023-07-30 03:00:00,-0.0
2023-07-30 06:00:00,-0.0
2023-07-30 09:00:00,-0.0
2023-07-30 12:00:00,-0.0
2023-07-30 15:00:00,-0.0
2023-07-30 18:00:00,-0.0
2023-07-30 21:00:00,-0.0
2023-07-31 00:00:00,-0.0
2023-07-31 03:00:00,-0.0
2023-07-31 06:00:00,-0.0
2023-07-31 09:00:00,-0.0
2023-07-31 12:00:00,-0.0
2023-07-31 15:00:00,-0.0
2023-07-31 18:00:00,-0.0
2023-07-31 21:00:00,-0.0
2023-08-01 00:00:00,-0.0
2023-08-01 03:00:00,-0.0
2023-08-01 06:00:00,-0.0
2023-08-01 09:00:00,-0.0
2023-08-01 12:00:00,-0.0
2023-08-01 15:00:00,-0.0
2023-08-01 18:00:00,-0.0
2023-08-01 21:00:00,-0.0
2023-08-02 00:00:00,-0.0
2023-08-02 03:00:00,-0.0
2023-08-02 06:00:00,-0.0
2023-08-02 09:00:00,-0.0
2023-08-02 12:00:00,-0.0
2023-08-02 15:00:00,-0.0
2023-08-02 18:00:00,-0.0
2023-08-02 21:00:00,-0.0
2023-08-03 00:00:00,-0.0
2023-08-03 03:00:00,-0.0
2023-08-03 06:00:00,-0.0
2023-08-03 09:00:00,-0.0
2023-08-03 12:00:00,-0.0
2023-08-03 15:00:00,-0.0
2023-08-03 18:00:00,-0.0
2023-08-03 21:00:00,-0.0
2023-08-04 00:00:00,-0.0
2023-08-04 03:00:00,-0.0
2023-08-04 06:00:00,-0.0
2023-08-04 09:00:00,-0.0
2023-08-04 12:00:00,-0.0
2023-08-04 15:00:00,-0.0
2023-08-04 18:00:00,-0.0
2023-08-04 21:00:00,-0.0
2023-08-05 00:00:00,-0.0
2023-08-05 03:00:00,-0.0
2023-08-05 06:00:00,-0.0
2023-08-05 09:00:00,-0.0
2023-08-05 12:00:00,-0.0
2023-08-05 15:00:00,-0.0
2023-08-05 18:00:00,-0.0
2023-08-05 21:00:00,-0.0
2023-08-06 00:00:00,-0.0
2023-08-06 03:00:00,-0.0
2023-08-06 06:00:00,-0.0
2023-08-06 09:00:00,-0.0
2023-08-06 12:00:00,-0.0
2023-08-06 15:00:00,-0.0
2023-08-06 18:00:00,-0.0
2023-08-06 21:00:00,-0.0
2023-08-07 00:00:00,-0.0
2023-08-07 03:00:00,-0.0
2023-08-07 06:00:00,-0.0
2023-08-07 09:00:00,-0.0
2023-08-07 12:00:00,-0.0
2023-08-07 15:00:00,-0.0
2023-08-07 18:00:00,-0.0
2023-08-07 21:00:00,-0.0
2023-08-08 00:00:00,-0.0
2023-08-08 03:00:00,-0.0
2023-08-08 06:00:00,-0.0
2023-08-08 09:00:00,-0.0
2023-08-08 12:00:00,-0.0
2023-08-08 15:00:00,-0.0
2023-08-08 18:00:00,-0.0
2023-08-08 21:00:00,-0.0
2023-08-09 00:00:00,-0.0
2023-08-09 03:00:00,-0.0
2023-08-09 06:00:00,-0.0
2023-08-09 09:00:00,-0.0
2023-08-09 12:00:00,-0.0
2023-08-09 15:00:00,-0.0
2023-08-09 18:00:00,-0.0
2023-08-09 21:00:00,-0.0
2023-08-10 00:00:00,-0.0
2023-08-10 03:00:00,-0.0
2023-08-10 06:00:00,-0.0
2023-08-10 09:00:00,-0.0
2023-08-10 12:00:00,-0.0
2023-08-10 15:00:00,-0.0
2023-08-10 18:00:00,-0.0
2023-08-10 21:00:00,-0.0
2023-08-11 00:00:00,-0.0
2023-08-11 03:00:00,-0.0
2023-08-11 06:00:00,-0.0
2023-08-11 09:00:00,-0.0
2023-08-11 12:00:00,-0.0
2023-08-11 15:00:00,-0.0
2023-08-11 18:00:00,-0.0
2023-08-11 21:00:00,-0.0
2023-08-12 00:00:00,-0.0
2023-08-12 03:00:00,-0.0
2023-08-12 06:00:00,-0.0
2023-08-12 09:00:00,-0.0
2023-08-12 12:00:00,-0.0
2023-08-12 15:00:00,-0.0
2023-08-12 18:00:00,-0.0
2023-08-12 21:00:00,-0.0
2023-08-13 00:00:00,-0.0
2023-08-13 03:00:00,-0.0
2023-08-13 06:00:00,-0.0
2023-08-13 09:00:00,-0.0
2023-08-13 12:00:00,-0.0
2023-08-13 15:00:00,-0.0
2023-08-13 18:00:00,-0.0
2023-08-13 21:00:00,-0.0
2023-08-14 00:00:00,-0.0
2023-08-14 03:00:00,-0.0
2023-08-14 06:00:00,-0.0
2023-08-14 09:00:00,-0.0
2023-08-14 12:00:00,-0.0
2023-08-14 15:00:00,-0.0
2023-08-14 18:00:00,-0.0
2023-08-14 21:00:00,-0.0
2023-08-15 00:00:00,-0.0
2023-08-15 03:00:00,-0.0
2023-08-15 06:00:00,-0.0
2023-08-15 09:00:00,-0.0
2023-08-15 12:00:00,-0.0
2023-08-15 15:00:00,-0.0
2023-08-15 18:00:00,-0.0
2023-08-15 21:00:00,-0.0
2023-08-16 00:00:00,-0.0
2023-08-16 03:00:00,-0.0
2023-08-16 06:00:00,-0.0
2023-08-16 09:00:00,-0.0
2023-08-16 12:00:00,-0.0
2023-08-16 15:00:00,-0.0
2023-08-16 18:00:00,-0.0
2023-08-16 21:00:00,-0.0
2023-08-17 00:00:00,-0.0
2023-08-17 03:00:00,-0.0
2023-08-17 06:00:00,-0.0
2023-08-17 09:00:00,-0.0
2023-08-17 12:00:00,-0.0
2023-08-17 15:00:00,-0.0
2023-08-17 18:00:00,-0.0
2023-08-17 21:00:00,-0.0
2023-08-18 00:00:00,-0.0
2023-08-18 03:00:00,-0.0
2023-08-18 06:00:00,-0.0
2023-08-18 09:00:00,-0.0
2023-08-18 12:00:00,-0.0
2023-08-18 15:00:00,-0.0
2023-08-18 18:00:00,-0.0
2023-08-18 21:00:00,-0.0
2023-08-19 00:00:00,-0.0
2023-08-19 03:00:00,-0.0
2023-08-19 06:00:00,-0.0
2023-08-19 09:00:00,-0.0
2023-08-19 12:00:00,-0.0
2023-08-19 15:00:00,-0.0
2023-08-19 18:00:00,-0.0
2023-08-19 21:00:00,-0.0
2023-08-20 00:00:00,-0.0
2023-08-20 03:00:00,-0.0
2023-08-20 06:00:00,-0.0
2023-08-20 09:00:00,-0.0
2023-08-20 12:00:00,-0.0
2023-08-20 15:00:00,-0.0
2023-08-20 18:00:00,-0.0
2023-08-20 21:00:00,-0.0
2023-08-21 00:00:00,-0.0
2023-08-21 03:00:00,-0.0
2023-08-21 06:00:00,-0.0
2023-08-21 09:00:00,-0.0
2023-08-21 12:00:00,-0.0
2023-08-21 15:00:00,-0.0
2023-08-21 18:00:00,-0.0
2023-08-21 21:00:00,-0.0
2023-08-22 00:00:00,-0.0
2023-08-22 03:00:00,-0.0
2023-08-22 06:00:00,-0.0
2023-08-22 09:00:00,-0.0
2023-08-22 12:00:00,-0.0
2023-08-22 15:00:00,-0.0
2023-08-22 18:00:00,-0.0
2023-08-22 21:00:00,-0.0
2023-08-23 00:00:00,-0.0
2023-08-23 03:00:00,-0.0
2023-08-23 06:00:00,-0.0
2023-08-23 09:00:00,-0.0
2023-08-23 12:00:00,-0.0
2023-08-23 15:00:00,-0.0
2023-08-23 18:00:00,-0.0
2023-08-23 21:00:00,-0.0
2023-08-24 00:00:00,-0.0
2023-08-24 03:00:00,-0.0
2023-08-24 06:00:00,-0.0
2023-08-24 09:00:00,-0.0
2023-08-24 12:00:00,-0.0
2023-08-24 15:00:00,-0.0
2023-08-24 18:00:00,-0.0
2023-08-24 21:00:00,-0.0
2023-08-25 00:00:00,-0.0
2023-08-25 03:00:00,-0.0
2023-08-25 06:00:00,-0.0
2023-08-25 09:00:00,-0.0
2023-08-25 12:00:00,-0.0
2023-08-25 15:00:00,-0.0
2023-08-25 18:00:00,-0.0
2023-08-25 21:00:00,-0.0
2023-08-26 00:00:00,-0.0
2023-08-26 03:00:00,-0.0
2023-08-26 06:00:00,-0.0
2023-08-26 09:00:00,-0.0
2023-08-26 12:00:00,-0.0
2023-08-26 15:00:00,-0.0
2023-08-26 18:00:00,-0.0
2023-08-26 21:00:00,-0.0
2023-08-27 00:00:00,-0.0
2023-08-27 03:00:00,-0.0
2023-08-27 06:00:00,-0.0
2023-08-27 09:00:00,-0.0
2023-08-27 12:00:00,-0.0
2023-08-27 15:00:00,-0.0
2023-08-27 18:00:00,-0.0
2023-08-27 21:00:00,-0.0
2023-08-28 00:00:00,-0.0
2023-08-28 03:00:00,-0.0
2023-08-28 06:00:00,-0.0
2023-08-28 09:00:00,-0.0
2023-08-28 12:00:00,-0.0
2023-08-28 15:00:00,-0.0
2023-08-28 18:00:00,-0.0
2023-08-28 21:00:00,-0.0
2023-08-29 00:00:00,-0.0
2023-08-29 03:00:00,-0.0
2023-08-29 06:00:00,-0.0
2023-08-29 09:00:00,-0.0
2023-08-29 12:00:00,-0.0
2023-08-29 15:00:00,-0.0
2023-08-29 18:00:00,-0.0
2023-08-29 21:00:00,-0.0
2023-08-30 00:00:00,-0.0
2023-08-30 03:00:00,-0.0
2023-08-30 06:00:00,-0.0
2023-08-30 09:00:00,-0.0
2023-08-30 12:00:00,-0.0
2023-08-30 15:00:00,-0.0
2023-08-30 18:00:00,-0.0
2023-08-30 21:00:00,-0.0
2023-08-31 00:00:00,-0.0
2023-08-31 03:00:00,-0.0
2023-08-31 06:00:00,-0.0
2023-08-31 09:00:00,-0.0
2023-08-31 12:00:00,-0.0
2023-08-31 15:00:00,-0.0
2023-08-31 18:00:00,-0.0
2023-08-31 21:00:00,-0.0
2023-09-01 00:00:00,-0.0
2023-09-01 03:00:00,-0.0
2023-09-01 06:00:00,-0.0
2023-09-01 09:00:00,-0.0
2023-09-01 12:00:00,-0.0
2023-09-01 15:00:00,-0.0
2023-09-01 18:00:00,-0.0
2023-09-01 21:00:00,-0.0
2023-09-02 00:00:00,-0.0
2023-09-02 03:00:00,-0.0
2023-09-02 06:00:00,-0.0
2023-09-02 09:00:00,-0.0
2023-09-02 12:00:00,-0.0
2023-09-02 15:00:00,-0.0
2023-09-02 18:00:00,-0.0
2023-09-02 21:00:00,-0.0
2023-09-03 00:00:00,-0.0
2023-09-03 03:00:00,-0.0
2023-09-03 06:00:00,-0.0
2023-09-03 09:00:00,-0.0
2023-09-03 12:00:00,-0.0
2023-09-03 15:00:00,-0.0
2023-09-03 18:00:00,-0.0
2023-09-03 21:00:00,-0.0
2023-09-04 00:00:00,-0.0
2023-09-04 03:00:00,-0.0
2023-09-04 06:00:00,-0.0
2023-09-04 09:00:00,-0.0
2023-09-04 12:00:00,-0.0
2023-09-04 15:00:00,-0.0
2023-09-04 18:00:00,-0.0
2023-09-04 21:00:00,-0.0
2023-09-05 00:00:00,-0.0
2023-09-05 03:00:00,-0.0
2023-09-05 06:00:00,-0.0
2023-09-05 09:00:00,-0.0
2023-09-05 12:00:00,-0.0
2023-09-05 15:00:00,-0.0
2023-09-05 18:00:00,-0.0
2023-09-05 21:00:00,-0.0
2023-09-06 00:00:00,-0.0
2023-09-06 03:00:00,-0.0
2023-09-06 06:00:00,-0.0
2023-09-06 09:00:00,-0.0
2023-09-06 12:00:00,-0.0
2023-09-06 15:00:00,-0.0
2023-09-06 18:00:00,-0.0
2023-09-06 21:00:00,-0.0
2023-09-07 00:00:00,-0.0
2023-09-07 03:00:00,-0.0
2023-09-07 06:00:00,-0.0
2023-09-07 09:00:00,-0.0
2023-09-07 12:00:00,-0.0
2023-09-07 15:00:00,-0.0
2023-09-07 18:00:00,-0.0
2023-09-07 21:00:00,-0.0
2023-09-08 00:00:00,-0.0
2023-09-08 03:00:00,-0.0
2023-09-08 06:00:00,-0.0
2023-09-08 09:00:00,-0.0
2023-09-08 12:00:00,-0.0
2023-09-08 15:00:00,-0.0
2023-09-08 18:00:00,-0.0
2023-09-08 21:00:00,-0.0
2023-09-09 00:00:00,-0.0
2023-09-09 03:00:00,-0.0
2023-09-09 06:00:00,-0.0
2023-09-09 09:00:00,-0.0
2023-09-09 12:00:00,-0.0
2023-09-09 15:00:00,-0.0
2023-09-09 18:00:00,-0.0
2023-09-09 21:00:00,-0.0
2023-09-10 00:00:00,-0.0
2023-09-10 03:00:00,-0.0
2023-09-10 06:00:00,-0.0
2023-09-10 09:00:00,-0.0
2023-09-10 12:00:00,-0.0
2023-09-10 15:00:00,-0.0
2023-09-10 18:00:00,-0.0
2023-09-10 21:00:00,-0.0
2023-09-11 00:00:00,-0.0
2023-09-11 03:00:00,-0.0
2023-09-11 06:00:00,-0.0
2023-09-11 09:00:00,-0.0
2023-09-11 12:00:00,-0.0
2023-09-11 15:00:00,-0.0
2023-09-11 18:00:00,-0.0
2023-09-11 21:00:00,-0.0
2023-09-12 00:00:00,-0.0
2023-09-12 03:00:00,-0.0
2023-09-12 06:00:00,-0.0
2023-09-12 09:00:00,-0.0
2023-09-12 12:00:00,-0.0
2023-09-12 15:00:00,-0.0
2023-09-12 18:00:00,-0.0
2023-09-12 21:00:00,-0.0
2023-09-13 00:00:00,-0.0
2023-09-13 03:00:00,-0.0
2023-09-13 06:00:00,-0.0
2023-09-13 09:00:00,-0.0
2023-09-13 12:00:00,-0.0
2023-09-13 15:00:00,-0.0
2023-09-13 18:00:00,-0.0
2023-09-13 21:00:00,-0.0
2023-09-14 00:00:00,-0.0
2023-09-14 03:00:00,-0.0
2023-09-14 06:00:00,-0.0
2023-09-14 09:00:00,-0.0
2023-09-14 12:00:00,-0.0
2023-09-14 15:00:00,-0.0
2023-09-14 18:00:00,-0.0
2023-09-14 21:00:00,-0.0
2023-09-15 00:00:00,-0.0
2023-09-15 03:00:00,-0.0
2023-09-15 06:00:00,-0.0
2023-09-15 09:00:00,-0.0
2023-09-15 12:00:00,-0.0
2023-09-15 15:00:00,-0.0
2023-09-15 18:00:00,-0.0
2023-09-15 21:00:00,-0.0
2023-09-16 00:00:00,-0.0
2023-09-16 03:00:00,-0.0
2023-09-16 06:00:00,-0.0
2023-09-16 09:00:00,-0.0
2023-09-16 12:00:00,-0.0
2023-09-16 15:00:00,-0.0
2023-09-16 18:00:00,-0.0
2023-09-16 21:00:00,-0.0
2023-09-17 00:00:00,-0.0
2023-09-17 03:00:00,-0.0
2023-09-17 06:00:00,-0.0
2023-09-17 09:00:00,-0.0
2023-09-17 12:00:00,-0.0
2023-09-17 15:00:00,-0.0
2023-09-17 18:00:00,-0.0
2023-09-17 21:00:00,-0.0
2023-09-18 00:00:00,-0.0
2023-09-18 03:00:00,-0.0
2023-09-18 06:00:00,-0.0
2023-09-18 09:00:00,-0.0
2023-09-18 12:00:00,-0.0
2023-09-18 15:00:00,-0.0
2023-09-18 18:00:00,-0.0
2023-09-18 21:00:00,-0.0
2023-09-19 00:00:00,-0.0
2023-09-19 03:00:00,-0.0
2023-09-19 06:00:00,-0.0
2023-09-19 09:00:00,-0.0
2023-09-19 12:00:00,-0.0
2023-09-19 15:00:00,-0.0
2023-09-19 18:00:00,-0.0
2023-09-19 21:00:00,-0.0
2023-09-20 00:00:00,-0.0
2023-09-20 03:00:00,-0.0
2023-09-20 06:00:00,-0.0
2023-09-20 09:00:00,-0.0
2023-09-20 12:00:00,-0.0
2023-09-20 15:00:00,-0.0
2023-09-20 18:00:00,-0.0
2023-09-20 21:00:00,-0.0
2023-09-21 00:00:00,-0.0
2023-09-21 03:00:00,-0.0
2023-09-21 06:00:00,-0.0
2023-09-21 09:00:00,-0.0
2023-09-21 12:00:00,-0.0
2023-09-21 15:00:00,-0.0
2023-09-21 18:00:00,-0.0
2023-09-21 21:00:00,-0.0
2023-09-22 00:00:00,-0.0
2023-09-22 03:00:00,-0.0
2023-09-22 06:00:00,-0.0
2023-09-22 09:00:00,-0.0
2023-09-22 12:00:00,-0.0
2023-09-22 15:00:00,-0.0
2023-09-22 18:00:00,-0.0
2023-09-22 21:00:00,-0.0
2023-09-23 00:00:00,-0.0
2023-09-23 03:00:00,-0.0
2023-09-23 06:00:00,-0.0
2023-09-23 09:00:00,-0.0
2023-09-23 12:00:00,-0.0
2023-09-23 15:00:00,-0.0
2023-09-23 18:00:00,-0.0
2023-09-23 21:00:00,-0.0
2023-09-24 00:00:00,-0.0
2023-09-24 03:00:00,-0.0
2023-09-24 06:00:00,-0.0
2023-09-24 09:00:00,-0.0
2023-09-24 12:00:00,-0.0
2023-09-24 15:00:00,-0.0
2023-09-24 18:00:00,-0.0
2023-09-24 21:00:00,-0.0
2023-09-25 00:00:00,-0.0
2023-09-25 03:00:00,-0.0
2023-09-25 06:00:00,-0.0
2023-09-25 09:00:00,-0.0
2023-09-25 12:00:00,-0.0
2023-09-25 15:00:00,-0.0
2023-09-25 18:00:00,-0.0
2023-09-25 21:00:00,-0.0
2023-09-26 00:00:00,-0.0
2023-09-26 03:00:00,-0.0
2023-09-26 06:00:00,-0.0
2023-09-26 09:00:00,-0.0
2023-09-26 12:00:00,-0.0
2023-09-26 15:00:00,-0.0
2023-09-26 18:00:00,-0.0
2023-09-26 21:00:00,-0.0
2023-09-27 00:00:00,-0.0
2023-09-27 03:00:00,-0.0
2023-09-27 06:00:00,-0.0
2023-09-27 09:00:00,-0.0
2023-09-27 12:00:00,-0.0
2023-09-27 15:00:00,-0.0
2023-09-27 18:00:00,-0.0
2023-09-27 21:00:00,-0.0
2023-09-28 00:00:00,-0.0
2023-09-28 03:00:00,-0.0
2023-09-28 06:00:00,-0.0
2023-09-28 09:00:00,-0.0
2023-09-28 12:00:00,-0.0
2023-09-28 15:00:00,-0.0
2023-09-28 18:00:00,-0.0
2023-09-28 21:00:00,-0.0
2023-09-29 00:00:00,-0.0
2023-09-29 03:00:00,-0.0
2023-09-29 06:00:00,-0.0
2023-09-29 09:00:00,-0.0
2023-09-29 12:00:00,-0.0
2023-09-29 15:00:00,-0.0
2023-09-29 18:00:00,-0.0
2023-09-29 21:00:00,-0.0
2023-09-30 00:00:00,-0.0
2023-09-30 03:00:00,-0.0
2023-09-30 06:00:00,-0.0
2023-09-30 09:00:00,-0.0
2023-09-30 12:00:00,-0.0
2023-09-30 15:00:00,-0.0
2023-09-30 18:00:00,-0.0
2023-09-30 21:00:00,-0.0
2023-10-01 00:00:00,-0.0
2023-10-01 03:00:00,-0.0
2023-10-01 06:00:00,-0.0
2023-10-01 09:00:00,-0.0
2023-10-01 12:00:00,-0.0
2023-10-01 15:00:00,-0.0
2023-10-01 18:00:00,-0.0
2023-10-01 21:00:00,-0.0
2023-10-02 00:00:00,-0.0
2023-10-02 03:00:00,-0.0
2023-10-02 06:00:00,-0.0
2023-10-02 09:00:00,-0.0
2023-10-02 12:00:00,-0.0
2023-10-02 15:00:00,-0.0
2023-10-02 18:00:00,-0.0
2023-10-02 21:00:00,-0.0
2023-10-03 00:00:00,-0.0
2023-10-03 03:00:00,-0.0
2023-10-03 06:00:00,-0.0
2023-10-03 09:00:00,-0.0
2023-10-03 12:00:00,-0.0
2023-10-03 15:00:00,-0.0
2023-10-03 18:00:00,-0.0
2023-10-03 21:00:00,-0.0
2023-10-04 00:00:00,-0.0
2023-10-04 03:00:00,-0.0
2023-10-04 06:00:00,-0.0
2023-10-04 09:00:00,-0.0
2023-10-04 12:00:00,-0.0
2023-10-04 15:00:00,-0.0
2023-10-04 18:00:00,-0.0
2023-10-04 21:00:00,-0.0
2023-10-05 00:00:00,-0.0
2023-10-05 03:00:00,-0.0
2023-10-05 06:00:00,-0.0
2023-10-05 09:00:00,-0.0
2023-10-05 12:00:00,-0.0
2023-10-05 15:00:00,-0.0
2023-10-05 18:00:00,-0.0
2023-10-05 21:00:00,-0.0
2023-10-06 00:00:00,-0.0
2023-10-06 03:00:00,-0.0
2023-10-06 06:00:00,-0.0
2023-10-06 09:00:00,-0.0
2023-10-06 12:00:00,-0.0
2023-10-06 15:00:00,-0.0
2023-10-06 18:00:00,-0.0
2023-10-06 21:00:00,-0.0
2023-10-07 00:00:00,-0.0
2023-10-07 03:00:00,-0.0
2023-10-07 06:00:00,-0.0
2023-10-07 09:00:00,-0.0
2023-10-07 12:00:00,-0.0
2023-10-07 15:00:00,-0.0
2023-10-07 18:00:00,-0.0
2023-10-07 21:00:00,-0.0
2023-10-08 00:00:00,-0.0
2023-10-08 03:00:00,-0.0
2023-10-08 06:00:00,-0.0
2023-10-08 09:00:00,-0.0
2023-10-08 12:00:00,-0.0
2023-10-08 15:00:00,-0.0
2023-10-08 18:00:00,-0.0
2023-10-08 21:00:00,-0.0
2023-10-09 00:00:00,-0.0
2023-10-09 03:00:00,-0.0
2023-10-09 06:00:00,-0.0
2023-10-09 09:00:00,-0.0
2023-10-09 12:00:00,-0.0
2023-10-09 15:00:00,-0.0
2023-10-09 18:00:00,-0.0
2023-10-09 21:00:00,-0.0
2023-10-10 00:00:00,-0.0
2023-10-10 03:00:00,-0.0
2023-10-10 06:00:00,-0.0
2023-10-10 09:00:00,-0.0
2023-10-10 12:00:00,-0.0
2023-10-10 15:00:00,-0.0
2023-10-10 18:00:00,-0.0
2023-10-10 21:00:00,-0.0
2023-10-11 00:00:00,-0.0
2023-10-11 03:00:00,-0.0
2023-10-11 06:00:00,-0.0
2023-10-11 09:00:00,-0.0
2023-10-11 12:00:00,-0.0
2023-10-11 15:00:00,-0.0
2023-10-11 18:00:00,-0.0
2023-10-11 21:00:00,-0.0
2023-10-12 00:00:00,-0.0
2023-10-12 03:00:00,-0.0
2023-10-12 06:00:00,-0.0
2023-10-12 09:00:00,-0.0
2023-10-12 12:00:00,-0.0
2023-10-12 15:00:00,-0.0
2023-10-12 18:00:00,-0.0
2023-10-12 21:00:00,-0.0
2023-10-13 00:00:00,-0.0
2023-10-13 03:00:00,-0.0
2023-10-13 06:00:00,-0.0
2023-10-13 09:00:00,-0.0
2023-10-13 12:00:00,-0.0
2023-10-13 15:00:00,-0.0
2023-10-13 18:00:00,-0.0
2023-10-13 21:00:00,-0.0
2023-10-14 00:00:00,-0.0
2023-10-14 03:00:00,-0.0
2023-10-14 06:00:00,-0.0
2023-10-14 09:00:00,-0.0
2023-10-14 12:00:00,-0.0
2023-10-14 15:00:00,-0.0
2023-10-14 18:00:00,-0.0
2023-10-14 21:00:00,-0.0
2023-10-15 00:00:00,-0.0
2023-10-15 03:00:00,-0.0
2023-10-15 06:00:00,-0.0
2023-10-15 09:00:00,-0.0
2023-10-15 12:00:00,-0.0
2023-10-15 15:00:00,-0.0
2023-10-15 18:00:00,-0.0
2023-10-15 21:00:00,-0.0
2023-10-16 00:00:00,-0.0
2023-10-16 03:00:00,-0.0
2023-10-16 06:00:00,-0.0
2023-10-16 09:00:00,-0.0
2023-10-16 12:00:00,-0.0
2023-10-16 15:00:00,-0.0
2023-10-16 18:00:00,-0.0
2023-10-16 21:00:00,-0.0
2023-10-17 00:00:00,-0.0
2023-10-17 03:00:00,-0.0
2023-10-17 06:00:00,-0.0
2023-10-17 09:00:00,-0.0
2023-10-17 12:00:00,-0.0
2023-10-17 15:00:00,-0.0
2023-10-17 18:00:00,-0.0
2023-10-17 21:00:00,-0.0
2023-10-18 00:00:00,-0.0
2023-10-18 03:00:00,-0.0
2023-10-18 06:00:00,-0.0
2023-10-18 09:00:00,-0.0
2023-10-18 12:00:00,-0.0
2023-10-18 15:00:00,-0.0
2023-10-18 18:00:00,-0.0
2023-10-18 21:00:00,-0.0
2023-10-19 00:00:00,-0.0
2023-10-19 03:00:00,-0.0
2023-10-19 06:00:00,-0.0
2023-10-19 09:00:00,-0.0
2023-10-19 12:00:00,-0.0
2023-10-19 15:00:00,-0.0
2023-10-19 18:00:00,-0.0
2023-10-19 21:00:00,-0.0
2023-10-20 00:00:00,-0.0
2023-10-20 03:00:00,-0.0
2023-10-20 06:00:00,-0.0
2023-10-20 09:00:00,-0.0
2023-10-20 12:00:00,-0.0
2023-10-20 15:00:00,-0.0
2023-10-20 18:00:00,-0.0
2023-10-20 21:00:00,-0.0
2023-10-21 00:00:00,-0.0
2023-10-21 03:00:00,-0.0
2023-10-21 06:00:00,-0.0
2023-10-21 09:00:00,-0.0
2023-10-21 12:00:00,-0.0
2023-10-21 15:00:00,-0.0
2023-10-21 18:00:00,-0.0
2023-10-21 21:00:00,-0.0
2023-10-22 00:00:00,-0.0
2023-10-22 03:00:00,-0.0
2023-10-22 06:00:00,-0.0
2023-10-22 09:00:00,-0.0
2023-10-22 12:00:00,-0.0
2023-10-22 15:00:00,-0.0
2023-10-22 18:00:00,-0.0
2023-10-22 21:00:00,-0.0
2023-10-23 00:00:00,-0.0
2023-10-23 03:00:00,-0.0
2023-10-23 06:00:00,-0.0
2023-10-23 09:00:00,-0.0
2023-10-23 12:00:00,-0.0
2023-10-23 15:00:00,157.47152776095368
2023-10-23 18:00:00,2221.327038876559
2023-10-23 21:00:00,-0.0
2023-10-24 00:00:00,-0.0
2023-10-24 03:00:00,-0.0
2023-10-24 06:00:00,-0.0
2023-10-24 09:00:00,-0.0
2023-10-24 12:00:00,-0.0
2023-10-24 15:00:00,-0.0
2023-10-24 18:00:00,-0.0
2023-10-24 21:00:00,-0.0
2023-10-25 00:00:00,-0.0
2023-10-25 03:00:00,-0.0
2023-10-25 06:00:00,-0.0
2023-10-25 09:00:00,-0.0
2023-10-25 12:00:00,-0.0
2023-10-25 15:00:00,-0.0
2023-10-25 18:00:00,-0.0
2023-10-25 21:00:00,-0.0
2023-10-26 00:00:00,-0.0
2023-10-26 03:00:00,-0.0
2023-10-26 06:00:00,-0.0
2023-10-26 09:00:00,-0.0
2023-10-26 12:00:00,-0.0
2023-10-26 15:00:00,-0.0
2023-10-26 18:00:00,-0.0
2023-10-26 21:00:00,-0.0
2023-10-27 00:00:00,-0.0
2023-10-27 03:00:00,-0.0
2023-10-27 06:00:00,-0.0
2023-10-27 09:00:00,-0.0
2023-10-27 12:00:00,-0.0
2023-10-27 15:00:00,-0.0
2023-10-27 18:00:00,-0.0
2023-10-27 21:00:00,-0.0
2023-10-28 00:00:00,-0.0
2023-10-28 03:00:00,-0.0
2023-10-28 06:00:00,-0.0
2023-10-28 09:00:00,-0.0
2023-10-28 12:00:00,-0.0
2023-10-28 15:00:00,-0.0
2023-10-28 18:00:00,-0.0
2023-10-28 21:00:00,-0.0
2023-10-29 00:00:00,-0.0
2023-10-29 03:00:00,-0.0
2023-10-29 06:00:00,-0.0
2023-10-29 09:00:00,-0.0
2023-10-29 12:00:00,-0.0
2023-10-29 15:00:00,-0.0
2023-10-29 18:00:00,-0.0
2023-10-29 21:00:00,-0.0
2023-10-30 00:00:00,-0.0
2023-10-30 03:00:00,-0.0
2023-10-30 06:00:00,-0.0
2023-10-30 09:00:00,-0.0
2023-10-30 12:00:00,-0.0
2023-10-30 15:00:00,-0.0
2023-10-30 18:00:00,-0.0
2023-10-30 21:00:00,-0.0
2023-10-31 00:00:00,-0.0
2023-10-31 03:00:00,-0.0
2023-10-31 06:00:00,-0.0
2023-10-31 09:00:00,-0.0
2023-10-31 12:00:00,-0.0
2023-10-31 15:00:00,-0.0
2023-10-31 18:00:00,-0.0
2023-10-31 21:00:00,-0.0
2023-11-01 00:00:00,-0.0
2023-11-01 03:00:00,-0.0
2023-11-01 06:00:00,-0.0
2023-11-01 09:00:00,-0.0
2023-11-01 12:00:00,-0.0
2023-11-01 15:00:00,-0.0
2023-11-01 18:00:00,-0.0
2023-11-01 21:00:00,-0.0
2023-11-02 00:00:00,-0.0
2023-11-02 03:00:00,-0.0
2023-11-02 06:00:00,-0.0
2023-11-02 09:00:00,-0.0
2023-11-02 12:00:00,-0.0
2023-11-02 15:00:00,-0.0
2023-11-02 18:00:00,-0.0
2023-11-02 21:00:00,-0.0
2023-11-03 00:00:00,-0.0
2023-11-03 03:00:00,-0.0
2023-11-03 06:00:00,-0.0
2023-11-03 09:00:00,-0.0
2023-11-03 12:00:00,-0.0
2023-11-03 15:00:00,-0.0
2023-11-03 18:00:00,-0.0
2023-11-03 21:00:00,-0.0
2023-11-04 00:00:00,-0.0
2023-11-04 03:00:00,-0.0
2023-11-04 06:00:00,-0.0
2023-11-04 09:00:00,-0.0
2023-11-04 12:00:00,-0.0
2023-11-04 15:00:00,-0.0
2023-11-04 18:00:00,-0.0
2023-11-04 21:00:00,-0.0
2023-11-05 00:00:00,-0.0
2023-11-05 03:00:00,-0.0
2023-11-05 06:00:00,-0.0
2023-11-05 09:00:00,-0.0
2023-11-05 12:00:00,-0.0
2023-11-05 15:00:00,-0.0
2023-11-05 18:00:00,-0.0
2023-11-05 21:00:00,-0.0
2023-11-06 00:00:00,-0.0
2023-11-06 03:00:00,-0.0
2023-11-06 06:00:00,2250.825113379624
2023-11-06 09:00:00,3287.464159144961
2023-11-06 12:00:00,541.9980599886768
2023-11-06 15:00:00,-0.0
2023-11-06 18:00:00,-0.0
2023-11-06 21:00:00,-0.0
2023-11-07 00:00:00,-0.0
2023-11-07 03:00:00,-0.0
2023-11-07 06:00:00,-0.0
2023-11-07 09:00:00,-0.0
2023-11-07 12:00:00,-0.0
2023-11-07 15:00:00,-0.0
2023-11-07 18:00:00,-0.0
2023-11-07 21:00:00,-0.0
2023-11-08 00:00:00,-0.0
2023-11-08 03:00:00,1026.1053652415235
2023-11-08 06:00:00,3773.6127949450406
2023-11-08 09:00:00,3452.6449834495816
2023-11-08 12:00:00,2387.941137858502
2023-11-08 15:00:00,3821.7316560111785
2023-11-08 18:00:00,4065.319602295012
2023-11-08 21:00:00,1808.9834018674637
2023-11-09 00:00:00,-0.0
2023-11-09 03:00:00,-0.0
2023-11-09 06:00:00,-0.0
2023-11-09 09:00:00,-0.0
2023-11-09 12:00:00,-0.0
2023-11-09 15:00:00,214.7316562263481
2023-11-09 18:00:00,470.54281261448955
2023-11-09 21:00:00,2879.7127336990284
2023-11-10 00:00:00,2226.677216431488
2023-11-10 03:00:00,2261.321682015661
2023-11-10 06:00:00,3422.409861473641
2023-11-10 09:00:00,2451.939460329129
2023-11-10 12:00:00,1000.8684229398187
2023-11-10 15:00:00,2619.6176183509688
2023-11-10 18:00:00,2116.152966440054
2023-11-10 21:00:00,1617.7170296387917
2023-11-11 00:00:00,1160.1315602808436
2023-11-11 03:00:00,3480.4246397082316
2023-11-11 06:00:00,2178.291161641967
2023-11-11 09:00:00,4033.879047674827
2023-11-11 12:00:00,1264.057334390302
2023-11-11 15:00:00,2129.114028242765
2023-11-11 18:00:00,3256.3303561204175
2023-11-11 21:00:00,908.7041840869441
2023-11-12 00:00:00,15.716059432934175
2023-11-12 03:00:00,-0.0
2023-11-12 06:00:00,-0.0
2023-11-12 09:00:00,-0.0
2023-11-12 12:00:00,-0.0
2023-11-12 15:00:00,-0.0
2023-11-12 18:00:00,2495.496449854292
2023-11-12 21:00:00,983.0479435416064
2023-11-13 00:00:00,1554.2172248130723
2023-11-13 03:00:00,1840.5067210893149
2023-11-13 06:00:00,4316.9836113500405
2023-11-13 09:00:00,2706.195961571457
2023-11-13 12:00:00,3900.2234563158718
2023-11-13 15:00:00,4359.882208111892
2023-11-13 18:00:00,1310.990887556126
2023-11-13 21:00:00,-0.0
2023-11-14 00:00:00,-0.0
2023-11-14 03:00:00,-0.0
2023-11-14 06:00:00,-0.0
2023-11-14 09:00:00,-0.0
2023-11-14 12:00:00,-0.0
2023-11-14 15:00:00,-0.0
2023-11-14 18:00:00,-0.0
2023-11-14 21:00:00,-0.0
2023-11-15 00:00:00,-0.0
2023-11-15 03:00:00,-0.0
2023-11-15 06:00:00,-0.0
2023-11-15 09:00:00,-0.0
2023-11-15 12:00:00,-0.0
2023-11-15 15:00:00,4835.417451327574
2023-11-15 18:00:00,1691.4802252023305
2023-11-15 21:00:00,757.8964231111419
2023-11-16 00:00:00,-0.0
2023-11-16 03:00:00,-0.0
2023-11-16 06:00:00,-0.0
2023-11-16 09:00:00,-0.0
2023-11-16 12:00:00,-0.0
2023-11-16 15:00:00,-0.0
2023-11-16 18:00:00,-0.0
2023-11-16 21:00:00,-0.0
2023-11-17 00:00:00,-0.0
2023-11-17 03:00:00,-0.0
2023-11-17 06:00:00,-0.0
2023-11-17 09:00:00,-0.0
2023-11-17 12:00:00,-0.0
2023-11-17 15:00:00,395.7803603425908
2023-11-17 18:00:00,986.6508256042715
2023-11-17 21:00:00,3470.8217790382964
2023-11-18 00:00:00,2979.8548306809644
2023-11-18 03:00:00,3052.968653755343
2023-11-18 06:00:00,5327.800606013173
2023-11-18 09:00:00,1527.712695940506
2023-11-18 12:00:00,1812.5667520301506
2023-11-18 15:00:00,4144.866808623214
2023-11-18 18:00:00,3179.320295025575
2023-11-18 21:00:00,2276.6989095506488
2023-11-19 00:00:00,-0.0
2023-11-19 03:00:00,-0.0
2023-11-19 06:00:00,-0.0
2023-11-19 09:00:00,-0.0
2023-11-19 12:00:00,-0.0
2023-11-19 15:00:00,-0.0
2023-11-19 18:00:00,-0.0
2023-11-19 21:00:00,-0.0
2023-11-20 00:00:00,-0.0
2023-11-20 03:00:00,-0.0
2023-11-20 06:00:00,-0.0
2023-11-20 09:00:00,-0.0
2023-11-20 12:00:00,-0.0
2023-11-20 15:00:00,-0.0
2023-11-20 18:00:00,-0.0
2023-11-20 21:00:00,-0.0
2023-11-21 00:00:00,-0.0
2023-11-21 03:00:00,-0.0
2023-11-21 06:00:00,-0.0
2023-11-21 09:00:00,-0.0
2023-11-21 12:00:00,-0.0
2023-11-21 15:00:00,-0.0
2023-11-21 18:00:00,767.1504842904897
2023-11-21 21:00:00,3682.931696412862
2023-11-22 00:00:00,1323.369264993928
2023-11-22 03:00:00,-0.0
2023-11-22 06:00:00,-0.0
2023-11-22 09:00:00,-0.0
2023-11-22 12:00:00,-0.0
2023-11-22 15:00:00,-0.0
2023-11-22 18:00:00,-0.0
2023-11-22 21:00:00,-0.0
2023-11-23 00:00:00,-0.0
2023-11-23 03:00:00,-0.0
2023-11-23 06:00:00,-0.0
2023-11-23 09:00:00,-0.0
2023-11-23 12:00:00,-0.0
2023-11-23 15:00:00,-0.0
2023-11-23 18:00:00,-0.0
2023-11-23 21:00:00,-0.0
2023-11-24 00:00:00,-0.0
2023-11-24 03:00:00,-0.0
2023-11-24 06:00:00,-0.0
2023-11-24 09:00:00,-0.0
2023-11-24 12:00:00,-0.0
2023-11-24 15:00:00,-0.0
2023-11-24 18:00:00,-0.0
2023-11-24 21:00:00,-0.0
2023-11-25 00:00:00,-0.0
2023-11-25 03:00:00,-0.0
2023-11-25 06:00:00,-0.0
2023-11-25 09:00:00,-0.0
2023-11-25 12:00:00,-0.0
2023-11-25 15:00:00,-0.0
2023-11-25 18:00:00,-0.0
2023-11-25 21:00:00,-0.0
2023-11-26 00:00:00,-0.0
2023-11-26 03:00:00,-0.0
2023-11-26 06:00:00,-0.0
2023-11-26 09:00:00,-0.0
2023-11-26 12:00:00,-0.0
2023-11-26 15:00:00,249.4160034898507
2023-11-26 18:00:00,-0.0
2023-11-26 21:00:00,2268.0645402338723
2023-11-27 00:00:00,1046.3627914821907
2023-11-27 03:00:00,421.41037058544487
2023-11-27 06:00:00,1895.2919723092969
2023-11-27 09:00:00,-0.0
2023-11-27 12:00:00,-0.0
2023-11-27 15:00:00,-0.0
2023-11-27 18:00:00,-0.0
2023-11-27 21:00:00,-0.0
2023-11-28 00:00:00,-0.0
2023-11-28 03:00:00,-0.0
2023-11-28 06:00:00,-0.0
2023-11-28 09:00:00,-0.0
2023-11-28 12:00:00,-0.0
2023-11-28 15:00:00,-0.0
2023-11-28 18:00:00,-0.0
2023-11-28 21:00:00,-0.0
2023-11-29 00:00:00,-0.0
2023-11-29 03:00:00,111.58238110040884
2023-11-29 06:00:00,2099.296217302158
2023-11-29 09:00:00,-0.0
2023-11-29 12:00:00,-0.0
2023-11-29 15:00:00,-0.0
2023-11-29 18:00:00,-0.0
2023-11-29 21:00:00,-0.0
2023-11-30 00:00:00,-0.0
2023-11-30 03:00:00,-0.0
2023-11-30 06:00:00,-0.0
2023-11-30 09:00:00,-0.0
2023-11-30 12:00:00,-0.0
2023-11-30 15:00:00,-0.0
2023-11-30 18:00:00,-0.0
2023-11-30 21:00:00,-0.0
2023-12-01 00:00:00,-0.0
2023-12-01 03:00:00,-0.0
2023-12-01 06:00:00,-0.0
2023-12-01 09:00:00,-0.0
2023-12-01 12:00:00,-0.0
2023-12-01 15:00:00,-0.0
2023-12-01 18:00:00,-0.0
2023-12-01 21:00:00,-0.0
2023-12-02 00:00:00,-0.0
2023-12-02 03:00:00,2136.970614928227
2023-12-02 06:00:00,2505.5601718585904
2023-12-02 09:00:00,2633.1144671296297
2023-12-02 12:00:00,2627.1194613458524
2023-12-02 15:00:00,2840.503072130047
2023-12-02 18:00:00,2552.665181797479
2023-12-02 21:00:00,2151.464605727273
2023-12-03 00:00:00,1937.950426264878
2023-12-03 03:00:00,2527.9800810314487
2023-12-03 06:00:00,4945.272502903056
2023-12-03 09:00:00,4212.602776929743
2023-12-03 12:00:00,3988.9405842743417
2023-12-03 15:00:00,6933.316229706792
2023-12-03 18:00:00,4778.093128762253
2023-12-03 21:00:00,4238.287272350706
2023-12-04 00:00:00,3363.668236025962
2023-12-04 03:00:00,5580.586059659687
2023-12-04 06:00:00,5763.965137290928
2023-12-04 09:00:00,6583.894153422649
2023-12-04 12:00:00,5690.865753432778
2023-12-04 15:00:00,6348.23683877753
2023-12-04 18:00:00,5113.815783879996
2023-12-04 21:00:00,5642.325320834951
2023-12-05 00:00:00,2690.673477911293
2023-12-05 03:00:00,2472.1876643763276
2023-12-05 06:00:00,2465.774235724278
2023-12-05 09:00:00,446.0837055411764
2023-12-05 12:00:00,456.49702383598355
2023-12-05 15:00:00,2308.5497394634685
2023-12-05 18:00:00,1076.248602791346
2023-12-05 21:00:00,310.6244758082952
2023-12-06 00:00:00,712.4518347421915
2023-12-06 03:00:00,-0.0
2023-12-06 06:00:00,-0.0
2023-12-06 09:00:00,1168.9793523800467
2023-12-06 12:00:00,-0.0
2023-12-06 15:00:00,-0.0
2023-12-06 18:00:00,-0.0
2023-12-06 21:00:00,-0.0
2023-12-07 00:00:00,-0.0
2023-12-07 03:00:00,-0.0
2023-12-07 06:00:00,-0.0
2023-12-07 09:00:00,-0.0
2023-12-07 12:00:00,-0.0
2023-12-07 15:00:00,-0.0
2023-12-07 18:00:00,-0.0
2023-12-07 21:00:00,-0.0
2023-12-08 00:00:00,2918.97607186985
2023-12-08 03:00:00,3962.4400041429403
2023-12-08 06:00:00,4798.449664443504
2023-12-08 09:00:00,4563.336449997912
2023-12-08 12:00:00,4114.782396900802
2023-12-08 15:00:00,1276.9044617196223
2023-12-08 18:00:00,-0.0
2023-12-08 21:00:00,-0.0
2023-12-09 00:00:00,-0.0
2023-12-09 03:00:00,-0.0
2023-12-09 06:00:00,-0.0
2023-12-09 09:00:00,-0.0
2023-12-09 12:00:00,-0.0
2023-12-09 15:00:00,-0.0
2023-12-09 18:00:00,-0.0
2023-12-09 21:00:00,-0.0
2023-12-10 00:00:00,-0.0
2023-12-10 03:00:00,-0.0
2023-12-10 06:00:00,-0.0
2023-12-10 09:00:00,-0.0
2023-12-10 12:00:00,-0.0
2023-12-10 15:00:00,-0.0
2023-12-10 18:00:00,-0.0
2023-12-10 21:00:00,-0.0
2023-12-11 00:00:00,-0.0
2023-12-11 03:00:00,-0.0
2023-12-11 06:00:00,-0.0
2023-12-11 09:00:00,-0.0
2023-12-11 12:00:00,-0.0
2023-12-11 15:00:00,-0.0
2023-12-11 18:00:00,-0.0
2023-12-11 21:00:00,-0.0
2023-12-12 00:00:00,-0.0
2023-12-12 03:00:00,-0.0
2023-12-12 06:00:00,-0.0
2023-12-12 09:00:00,-0.0
2023-12-12 12:00:00,-0.0
2023-12-12 15:00:00,-0.0
2023-12-12 18:00:00,-0.0
2023-12-12 21:00:00,-0.0
2023-12-13 00:00:00,-0.0
2023-12-13 03:00:00,-0.0
2023-12-13 06:00:00,-0.0
2023-12-13 09:00:00,-0.0
2023-12-13 12:00:00,-0.0
2023-12-13 15:00:00,-0.0
2023-12-13 18:00:00,-0.0
2023-12-13 21:00:00,-0.0
2023-12-14 00:00:00,-0.0
2023-12-14 03:00:00,393.48605051540346
2023-12-14 06:00:00,6029.535833890233
2023-12-14 09:00:00,5427.58438474301
2023-12-14 12:00:00,4569.197995901508
2023-12-14 15:00:00,6489.390743414244
2023-12-14 18:00:00,5255.832994750681
2023-12-14 21:00:00,2591.3800571169786
2023-12-15 00:00:00,-0.0
2023-12-15 03:00:00,-0.0
2023-12-15 06:00:00,-0.0
2023-12-15 09:00:00,-0.0
2023-12-15 12:00:00,-0.0
2023-12-15 15:00:00,-0.0
2023-12-15 18:00:00,-0.0
2023-12-15 21:00:00,-0.0
2023-12-16 00:00:00,-0.0
2023-12-16 03:00:00,-0.0
2023-12-16 06:00:00,-0.0
2023-12-16 09:00:00,-0.0
2023-12-16 12:00:00,-0.0
2023-12-16 15:00:00,-0.0
2023-12-16 18:00:00,-0.0
2023-12-16 21:00:00,-0.0
2023-12-17 00:00:00,-0.0
2023-12-17 03:00:00,-0.0
2023-12-17 06:00:00,-0.0
2023-12-17 09:00:00,-0.0
2023-12-17 12:00:00,-0.0
2023-12-17 15:00:00,-0.0
2023-12-17 18:00:00,-0.0
2023-12-17 21:00:00,-0.0
2023-12-18 00:00:00,-0.0
2023-12-18 03:00:00,-0.0
2023-12-18 06:00:00,-0.0
2023-12-18 09:00:00,-0.0
2023-12-18 12:00:00,-0.0
2023-12-18 15:00:00,-0.0
2023-12-18 18:00:00,-0.0
2023-12-18 21:00:00,-0.0
2023-12-19 00:00:00,-0.0
2023-12-19 03:00:00,-0.0
2023-12-19 06:00:00,-0.0
2023-12-19 09:00:00,-0.0
2023-12-19 12:00:00,-0.0
2023-12-19 15:00:00,-0.0
2023-12-19 18:00:00,-0.0
2023-12-19 21:00:00,-0.0
2023-12-20 00:00:00,-0.0
2023-12-20 03:00:00,-0.0
2023-12-20 06:00:00,-0.0
2023-12-20 09:00:00,-0.0
2023-12-20 12:00:00,-0.0
2023-12-20 15:00:00,-0.0
2023-12-20 18:00:00,-0.0
2023-12-20 21:00:00,-0.0
2023-12-21 00:00:00,-0.0
2023-12-21 03:00:00,-0.0
2023-12-21 06:00:00,-0.0
2023-12-21 09:00:00,-0.0
2023-12-21 12:00:00,-0.0
2023-12-21 15:00:00,-0.0
2023-12-21 18:00:00,-0.0
2023-12-21 21:00:00,-0.0
2023-12-22 00:00:00,-0.0
2023-12-22 03:00:00,-0.0
2023-12-22 06:00:00,-0.0
2023-12-22 09:00:00,-0.0
2023-12-22 12:00:00,-0.0
2023-12-22 15:00:00,-0.0
2023-12-22 18:00:00,-0.0
2023-12-22 21:00:00,-0.0
2023-12-23 00:00:00,-0.0
2023-12-23 03:00:00,-0.0
2023-12-23 06:00:00,-0.0
2023-12-23 09:00:00,-0.0
2023-12-23 12:00:00,-0.0
2023-12-23 15:00:00,-0.0
2023-12-23 18:00:00,-0.0
2023-12-23 21:00:00,-0.0
2023-12-24 00:00:00,-0.0
2023-12-24 03:00:00,-0.0
2023-12-24 06:00:00,-0.0
2023-12-24 09:00:00,-0.0
2023-12-24 12:00:00,-0.0
2023-12-24 15:00:00,-0.0
2023-12-24 18:00:00,-0.0
2023-12-24 21:00:00,-0.0
2023-12-25 00:00:00,-0.0
2023-12-25 03:00:00,-0.0
2023-12-25 06:00:00,-0.0
2023-12-25 09:00:00,-0.0
2023-12-25 12:00:00,-0.0
2023-12-25 15:00:00,-0.0
2023-12-25 18:00:00,-0.0
2023-12-25 21:00:00,-0.0
2023-12-26 00:00:00,-0.0
2023-12-26 03:00:00,-0.0
2023-12-26 06:00:00,-0.0
2023-12-26 09:00:00,-0.0
2023-12-26 12:00:00,-0.0
2023-12-26 15:00:00,-0.0
2023-12-26 18:00:00,-0.0
2023-12-26 21:00:00,-0.0
2023-12-27 00:00:00,-0.0
2023-12-27 03:00:00,-0.0
2023-12-27 06:00:00,-0.0
2023-12-27 09:00:00,-0.0
2023-12-27 12:00:00,-0.0
2023-12-27 15:00:00,-0.0
2023-12-27 18:00:00,-0.0
2023-12-27 21:00:00,-0.0
2023-12-28 00:00:00,-0.0
2023-12-28 03:00:00,-0.0
2023-12-28 06:00:00,-0.0
2023-12-28 09:00:00,-0.0
2023-12-28 12:00:00,-0.0
2023-12-28 15:00:00,-0.0
2023-12-28 18:00:00,-0.0
2023-12-28 21:00:00,-0.0
2023-12-29 00:00:00,-0.0
2023-12-29 03:00:00,-0.0
2023-12-29 06:00:00,-0.0
2023-12-29 09:00:00,-0.0
2023-12-29 12:00:00,-0.0
2023-12-29 15:00:00,-0.0
2023-12-29 18:00:00,-0.0
2023-12-29 21:00:00,-0.0
2023-12-30 00:00:00,-0.0
2023-12-30 03:00:00,-0.0
2023-12-30 06:00:00,-0.0
2023-12-30 09:00:00,-0.0
2023-12-30 12:00:00,-0.0
2023-12-30 15:00:00,-0.0
2023-12-30 18:00:00,-0.0
2023-12-30 21:00:00,-0.0
2023-12-31 00:00:00,-0.0
2023-12-31 03:00:00,-0.0
2023-12-31 06:00:00,-0.0
2023-12-31 09:00:00,-0.0
2023-12-31 12:00:00,-0.0
2023-12-31 15:00:00,-0.0
2023-12-31 18:00:00,-0.0
2023-12-31 21:00:00,-0.0
